frame, face_id, timestamp, confidence, success, pose_Tx, pose_Ty, pose_Tz, pose_Rx, pose_Ry, pose_Rz, x_0, x_1, x_2, x_3, x_4, x_5, x_6, x_7, x_8, x_9, x_10, x_11, x_12, x_13, x_14, x_15, x_16, x_17, x_18, x_19, x_20, x_21, x_22, x_23, x_24, x_25, x_26, x_27, x_28, x_29, x_30, x_31, x_32, x_33, x_34, x_35, x_36, x_37, x_38, x_39, x_40, x_41, x_42, x_43, x_44, x_45, x_46, x_47, x_48, x_49, x_50, x_51, x_52, x_53, x_54, x_55, x_56, x_57, x_58, x_59, x_60, x_61, x_62, x_63, x_64, x_65, x_66, x_67, y_0, y_1, y_2, y_3, y_4, y_5, y_6, y_7, y_8, y_9, y_10, y_11, y_12, y_13, y_14, y_15, y_16, y_17, y_18, y_19, y_20, y_21, y_22, y_23, y_24, y_25, y_26, y_27, y_28, y_29, y_30, y_31, y_32, y_33, y_34, y_35, y_36, y_37, y_38, y_39, y_40, y_41, y_42, y_43, y_44, y_45, y_46, y_47, y_48, y_49, y_50, y_51, y_52, y_53, y_54, y_55, y_56, y_57, y_58, y_59, y_60, y_61, y_62, y_63, y_64, y_65, y_66, y_67, X_0, X_1, X_2, X_3, X_4, X_5, X_6, X_7, X_8, X_9, X_10, X_11, X_12, X_13, X_14, X_15, X_16, X_17, X_18, X_19, X_20, X_21, X_22, X_23, X_24, X_25, X_26, X_27, X_28, X_29, X_30, X_31, X_32, X_33, X_34, X_35, X_36, X_37, X_38, X_39, X_40, X_41, X_42, X_43, X_44, X_45, X_46, X_47, X_48, X_49, X_50, X_51, X_52, X_53, X_54, X_55, X_56, X_57, X_58, X_59, X_60, X_61, X_62, X_63, X_64, X_65, X_66, X_67, Y_0, Y_1, Y_2, Y_3, Y_4, Y_5, Y_6, Y_7, Y_8, Y_9, Y_10, Y_11, Y_12, Y_13, Y_14, Y_15, Y_16, Y_17, Y_18, Y_19, Y_20, Y_21, Y_22, Y_23, Y_24, Y_25, Y_26, Y_27, Y_28, Y_29, Y_30, Y_31, Y_32, Y_33, Y_34, Y_35, Y_36, Y_37, Y_38, Y_39, Y_40, Y_41, Y_42, Y_43, Y_44, Y_45, Y_46, Y_47, Y_48, Y_49, Y_50, Y_51, Y_52, Y_53, Y_54, Y_55, Y_56, Y_57, Y_58, Y_59, Y_60, Y_61, Y_62, Y_63, Y_64, Y_65, Y_66, Y_67, Z_0, Z_1, Z_2, Z_3, Z_4, Z_5, Z_6, Z_7, Z_8, Z_9, Z_10, Z_11, Z_12, Z_13, Z_14, Z_15, Z_16, Z_17, Z_18, Z_19, Z_20, Z_21, Z_22, Z_23, Z_24, Z_25, Z_26, Z_27, Z_28, Z_29, Z_30, Z_31, Z_32, Z_33, Z_34, Z_35, Z_36, Z_37, Z_38, Z_39, Z_40, Z_41, Z_42, Z_43, Z_44, Z_45, Z_46, Z_47, Z_48, Z_49, Z_50, Z_51, Z_52, Z_53, Z_54, Z_55, Z_56, Z_57, Z_58, Z_59, Z_60, Z_61, Z_62, Z_63, Z_64, Z_65, Z_66, Z_67, AU01_r, AU02_r, AU04_r, AU05_r, AU06_r, AU07_r, AU09_r, AU10_r, AU12_r, AU14_r, AU15_r, AU17_r, AU20_r, AU23_r, AU25_r, AU26_r, AU45_r, AU01_c, AU02_c, AU04_c, AU05_c, AU06_c, AU07_c, AU09_c, AU10_c, AU12_c, AU14_c, AU15_c, AU17_c, AU20_c, AU23_c, AU25_c, AU26_c, AU28_c, AU45_c
1,  0,  0.000,  0.98,  1,  10.1,  20.5,  372.1,  -0.040,  0.041,  -0.022,  238.4,  241.2,  246.3,  252.5,  262.2,  276.9,  294.0,  314.2,  336.4,  357.5,  376.4,  393.5,  407.2,  415.8,  420.6,  424.5,  426.9,  248.2,  259.6,  276.8,  294.9,  312.0,  352.2,  370.0,  387.2,  403.8,  415.3,  332.9,  333.4,  333.8,  334.3,  314.6,  324.4,  334.3,  344.3,  353.3,  270.5,  281.1,  295.4,  306.5,  294.8,  280.7,  358.8,  370.0,  384.1,  394.7,  385.7,  372.0,  298.8,  313.1,  325.5,  334.5,  344.2,  357.1,  370.1,  357.6,  345.2,  334.7,  325.0,  312.5,  304.7,  325.4,  334.7,  344.6,  364.2,  344.3,  334.4,  325.0,  224.2,  251.4,  277.5,  302.3,  324.2,  342.4,  356.5,  366.1,  367.6,  364.7,  354.5,  340.2,  321.2,  297.6,  272.4,  246.5,  220.2,  200.4,  186.1,  180.4,  180.6,  185.0,  183.5,  177.7,  176.5,  180.8,  193.1,  211.4,  228.8,  246.1,  263.8,  276.9,  279.9,  282.4,  279.1,  275.7,  220.2,  212.2,  212.0,  220.2,  224.4,  225.1,  218.8,  209.6,  209.3,  216.3,  221.6,  222.2,  310.6,  304.0,  300.3,  302.4,  299.8,  303.1,  308.0,  316.1,  319.3,  320.4,  320.1,  317.6,  310.6,  308.7,  309.3,  307.9,  308.6,  307.5,  308.8,  308.3,  -69.3,  -66.8,  -62.4,  -56.9,  -48.2,  -35.2,  -20.7,  -4.5,  12.5,  29.0,  45.2,  60.4,  72.4,  79.5,  83.5,  86.9,  89.2,  -56.7,  -46.8,  -32.7,  -18.6,  -5.8,  23.3,  36.7,  50.2,  63.7,  73.9,  9.5,  9.6,  9.7,  9.9,  -3.9,  3.2,  10.3,  17.5,  24.1,  -38.3,  -29.7,  -18.7,  -10.2,  -19.1,  -30.0,  29.2,  37.8,  48.6,  57.2,  49.7,  39.2,  -16.0,  -5.1,  4.0,  10.5,  17.5,  27.2,  37.8,  27.4,  18.1,  10.6,  3.6,  -5.5,  -11.5,  3.9,  10.7,  17.9,  33.0,  17.5,  10.4,  3.6,  -13.4,  9.7,  31.8,  52.5,  70.1,  83.7,  92.7,  97.2,  97.3,  96.5,  91.7,  82.4,  67.3,  47.8,  26.9,  5.4,  -16.5,  -31.2,  -41.8,  -45.2,  -44.0,  -40.0,  -40.9,  -45.8,  -47.4,  -45.0,  -36.4,  -21.0,  -8.1,  4.3,  16.5,  26.9,  28.8,  30.3,  28.1,  25.8,  -15.3,  -21.3,  -21.3,  -15.0,  -11.8,  -11.4,  -16.0,  -23.0,  -23.2,  -18.2,  -13.9,  -13.4,  53.4,  47.0,  43.7,  45.1,  43.2,  46.3,  51.2,  55.6,  56.9,  57.6,  57.6,  56.8,  53.0,  49.9,  50.3,  49.3,  51.2,  48.8,  49.6,  49.4,  424.7,  424.1,  423.5,  421.4,  416.4,  408.5,  398.0,  385.4,  381.1,  387.1,  400.2,  410.8,  414.8,  414.7,  415.1,  415.6,  417.5,  394.7,  387.5,  378.9,  370.6,  363.7,  362.3,  367.6,  373.6,  380.4,  388.0,  366.2,  359.9,  353.2,  347.3,  363.6,  360.5,  357.9,  359.3,  361.7,  386.8,  382.5,  380.1,  378.5,  379.2,  381.6,  376.6,  378.0,  379.1,  382.8,  378.3,  376.9,  378.1,  367.5,  362.3,  361.2,  361.3,  366.9,  376.8,  365.3,  359.0,  358.3,  359.6,  365.8,  375.2,  363.6,  362.5,  362.8,  373.2,  361.3,  360.3,  361.9, 0.00, 0.00, 0.01, 0.00, 0.00, 0.00, 0.18, 0.00, 0.00, 0.00, 0.00, 0.17, 0.00, 0.00, 0.48, 0.11, 0.00, 0.00, 0.00, 0.00, 0.00, 0.00, 0.00, 0.00, 0.00, 0.00, 0.00, 0.00, 0.00, 0.00, 1.00, 0.00, 0.00, 0.00, 0.00
2,  0,  0.033,  0.98,  1,  10.0,  20.0,  371.2,  -0.049,  0.041,  -0.021,  238.4,  241.2,  246.2,  252.2,  261.7,  276.2,  293.3,  313.9,  336.5,  357.8,  376.9,  394.0,  407.4,  415.7,  420.2,  424.1,  426.6,  248.1,  259.2,  276.2,  294.3,  311.6,  352.6,  370.4,  387.6,  404.1,  415.4,  333.0,  333.4,  333.8,  334.3,  314.7,  324.5,  334.3,  344.3,  353.3,  270.8,  281.5,  295.7,  307.0,  295.2,  281.0,  358.5,  369.9,  384.0,  394.7,  385.6,  371.9,  298.4,  312.6,  325.3,  334.4,  344.1,  357.1,  370.3,  357.6,  345.1,  334.6,  324.8,  312.1,  304.2,  325.2,  334.6,  344.5,  364.3,  344.2,  334.3,  324.8,  223.5,  251.0,  277.4,  302.3,  324.3,  342.5,  356.3,  365.6,  367.1,  364.3,  354.5,  340.4,  321.4,  297.8,  272.5,  246.5,  220.1,  200.3,  185.7,  179.6,  179.6,  183.9,  182.4,  176.7,  175.6,  180.1,  192.5,  210.6,  228.1,  245.4,  263.2,  276.4,  279.3,  281.8,  278.5,  275.1,  219.7,  211.6,  211.4,  219.8,  223.9,  224.5,  218.3,  209.1,  208.8,  215.8,  221.2,  221.7,  309.9,  303.1,  299.4,  301.5,  298.9,  302.3,  307.4,  315.8,  319.1,  320.2,  319.9,  317.4,  310.0,  307.9,  308.6,  307.2,  308.0,  307.0,  308.3,  307.8,  -69.3,  -66.8,  -62.4,  -57.0,  -48.5,  -35.7,  -21.2,  -4.7,  12.5,  29.1,  45.4,  60.6,  72.4,  79.2,  83.0,  86.4,  88.8,  -56.8,  -47.2,  -33.2,  -19.1,  -6.1,  23.6,  37.0,  50.5,  63.9,  74.0,  9.5,  9.6,  9.7,  9.9,  -3.9,  3.2,  10.2,  17.4,  24.0,  -38.0,  -29.4,  -18.4,  -9.9,  -18.8,  -29.7,  29.0,  37.7,  48.5,  57.1,  49.6,  39.0,  -16.3,  -5.4,  3.8,  10.4,  17.3,  27.1,  37.8,  27.3,  18.0,  10.4,  3.5,  -5.8,  -11.8,  3.8,  10.5,  17.7,  33.0,  17.4,  10.2,  3.5,  -14.0,  9.3,  31.6,  52.4,  70.0,  83.6,  92.3,  96.4,  96.4,  95.8,  91.4,  82.3,  67.4,  47.8,  27.0,  5.4,  -16.6,  -31.3,  -42.1,  -45.8,  -44.8,  -40.8,  -41.7,  -46.5,  -48.1,  -45.6,  -36.8,  -21.5,  -8.6,  3.8,  16.1,  26.4,  28.3,  29.9,  27.6,  25.4,  -15.7,  -21.7,  -21.7,  -15.3,  -12.2,  -11.8,  -16.3,  -23.4,  -23.6,  -18.5,  -14.2,  -13.8,  52.8,  46.3,  42.9,  44.3,  42.4,  45.5,  50.6,  55.1,  56.5,  57.2,  57.2,  56.4,  52.4,  49.2,  49.6,  48.6,  50.6,  48.3,  49.0,  48.9,  424.3,  423.5,  422.6,  420.3,  415.4,  407.6,  396.8,  383.7,  379.3,  385.4,  399.0,  409.8,  414.0,  413.9,  414.2,  414.6,  416.7,  394.7,  387.7,  379.1,  370.7,  363.5,  362.0,  367.4,  373.4,  380.3,  387.8,  366.0,  359.7,  352.9,  346.9,  363.0,  359.9,  357.3,  358.8,  361.2,  386.3,  382.0,  379.7,  378.0,  378.7,  381.1,  376.2,  377.6,  378.7,  382.2,  377.7,  376.5,  377.4,  366.6,  361.1,  360.0,  360.1,  365.6,  375.6,  363.8,  357.4,  356.9,  358.2,  364.6,  374.4,  362.5,  361.4,  361.6,  372.0,  360.0,  359.1,  360.7, 0.00, 0.00, 0.00, 0.00, 0.00, 0.00, 0.11, 0.00, 0.00, 0.00, 0.05, 0.19, 0.00, 0.00, 0.42, 0.04, 0.00, 0.00, 0.00, 0.00, 0.00, 0.00, 0.00, 0.00, 0.00, 0.00, 0.00, 0.00, 0.00, 0.00, 0.00, 0.00, 0.00, 0.00, 0.00
3,  0,  0.067,  0.98,  1,  9.7,  18.3,  369.7,  -0.070,  0.047,  -0.020,  238.3,  241.1,  246.1,  252.1,  261.6,  276.3,  293.4,  313.8,  336.3,  357.6,  376.8,  393.9,  407.5,  415.8,  420.3,  424.2,  426.5,  247.8,  259.1,  276.2,  294.2,  311.3,  352.1,  369.9,  387.1,  403.8,  415.2,  332.7,  333.1,  333.4,  333.8,  314.1,  323.9,  333.8,  343.9,  353.0,  270.4,  281.1,  295.3,  306.5,  294.6,  280.6,  358.1,  369.5,  383.5,  394.3,  385.1,  371.4,  297.5,  311.9,  324.7,  333.9,  343.6,  356.8,  370.3,  357.2,  344.5,  333.9,  324.1,  311.2,  303.3,  324.7,  334.1,  344.0,  364.3,  343.6,  333.7,  324.2,  222.3,  250.1,  276.9,  302.1,  324.1,  342.1,  355.4,  364.1,  365.4,  362.8,  353.5,  339.8,  321.0,  297.5,  272.2,  246.0,  219.5,  197.8,  183.1,  177.0,  176.9,  181.2,  179.7,  174.1,  173.2,  177.8,  190.5,  207.7,  225.2,  242.5,  260.3,  273.7,  276.6,  279.1,  275.8,  272.4,  217.3,  209.2,  209.0,  217.2,  221.2,  221.9,  215.8,  206.7,  206.5,  213.5,  218.7,  219.1,  307.6,  300.5,  296.7,  298.8,  296.2,  299.7,  305.0,  313.4,  316.6,  317.7,  317.4,  315.0,  307.6,  305.3,  305.9,  304.5,  305.6,  304.4,  305.6,  305.3,  -69.4,  -66.9,  -62.5,  -57.0,  -48.4,  -35.4,  -20.9,  -4.7,  12.2,  28.7,  44.9,  60.1,  72.0,  78.8,  82.7,  86.0,  88.4,  -57.0,  -47.2,  -33.2,  -19.2,  -6.3,  23.2,  36.7,  50.2,  63.7,  73.8,  9.3,  9.4,  9.4,  9.6,  -4.3,  2.8,  9.8,  17.1,  23.7,  -38.3,  -29.7,  -18.8,  -10.2,  -19.2,  -30.0,  28.6,  37.3,  48.1,  56.7,  49.1,  38.6,  -17.0,  -5.9,  3.4,  9.9,  16.9,  26.8,  37.6,  26.9,  17.4,  9.9,  2.9,  -6.4,  -12.5,  3.4,  10.1,  17.2,  32.8,  16.9,  9.8,  3.0,  -15.0,  8.6,  31.2,  52.1,  69.6,  82.8,  90.9,  94.4,  94.3,  93.8,  89.8,  81.2,  66.7,  47.3,  26.5,  4.9,  -17.0,  -33.3,  -44.1,  -47.9,  -46.9,  -42.8,  -43.7,  -48.5,  -49.9,  -47.3,  -38.4,  -23.6,  -10.6,  1.8,  14.0,  24.4,  26.3,  27.8,  25.6,  23.3,  -17.5,  -23.5,  -23.6,  -17.3,  -14.2,  -13.8,  -18.2,  -25.1,  -25.4,  -20.2,  -16.1,  -15.7,  50.8,  44.2,  40.8,  42.1,  40.3,  43.5,  48.6,  53.2,  54.5,  55.1,  55.1,  54.4,  50.4,  47.1,  47.4,  46.4,  48.6,  46.2,  46.9,  46.9,  424.5,  423.5,  422.4,  419.7,  414.1,  405.5,  393.9,  380.4,  375.9,  382.0,  395.8,  406.8,  411.3,  411.4,  411.9,  412.6,  414.9,  394.7,  388.0,  379.7,  371.2,  364.0,  362.2,  367.7,  373.6,  380.2,  387.5,  365.8,  359.1,  352.1,  345.7,  361.7,  358.4,  355.6,  357.2,  359.7,  386.0,  382.0,  379.6,  377.7,  378.3,  380.7,  375.8,  377.2,  378.3,  381.6,  377.1,  375.9,  376.1,  365.2,  359.5,  358.3,  358.4,  363.9,  374.0,  361.9,  355.4,  354.8,  356.2,  362.9,  373.1,  360.8,  359.6,  359.8,  370.4,  358.2,  357.3,  358.9, 0.00, 0.00, 0.00, 0.00, 0.00, 0.00, 0.05, 0.00, 0.00, 0.00, 0.05, 0.15, 0.00, 0.00, 0.35, 0.03, 0.03, 0.00, 0.00, 0.00, 1.00, 0.00, 0.00, 0.00, 0.00, 0.00, 0.00, 0.00, 0.00, 0.00, 1.00, 0.00, 0.00, 0.00, 0.00
4,  0,  0.100,  0.98,  1,  9.5,  15.5,  368.0,  -0.105,  0.049,  -0.020,  238.0,  240.7,  245.7,  251.5,  260.9,  275.6,  292.7,  313.1,  335.7,  357.4,  377.1,  394.8,  408.3,  416.4,  420.7,  424.3,  426.4,  247.4,  259.0,  276.1,  294.0,  311.0,  351.8,  369.4,  386.5,  403.1,  414.7,  332.6,  332.8,  333.1,  333.4,  314.0,  323.7,  333.5,  343.5,  352.5,  270.1,  280.8,  295.2,  306.3,  294.4,  280.1,  357.9,  369.2,  383.5,  394.3,  385.1,  371.2,  297.1,  311.7,  324.7,  333.6,  343.1,  356.3,  370.2,  356.8,  344.0,  333.7,  324.0,  311.0,  302.9,  324.7,  333.9,  343.6,  364.0,  343.2,  333.5,  324.2,  220.8,  248.6,  275.6,  300.9,  322.9,  340.6,  353.3,  361.2,  362.0,  359.5,  350.5,  337.2,  318.6,  295.1,  270.1,  244.3,  218.3,  194.3,  179.5,  173.0,  172.6,  176.8,  175.1,  169.7,  169.0,  173.6,  186.4,  203.7,  220.6,  237.2,  254.4,  269.5,  272.1,  274.3,  271.2,  268.0,  214.4,  205.9,  205.6,  214.0,  218.2,  218.9,  212.4,  203.0,  202.7,  210.2,  215.2,  215.7,  304.3,  296.5,  292.2,  294.2,  291.5,  295.4,  301.3,  309.2,  312.1,  313.2,  313.2,  311.2,  304.2,  301.1,  301.5,  300.1,  301.7,  300.1,  301.3,  301.1,  -69.7,  -67.1,  -62.6,  -57.2,  -48.6,  -35.8,  -21.4,  -5.2,  11.7,  28.3,  44.7,  60.2,  72.0,  78.7,  82.5,  85.9,  88.3,  -57.4,  -47.5,  -33.5,  -19.4,  -6.6,  23.2,  36.5,  50.0,  63.5,  73.6,  9.2,  9.2,  9.2,  9.3,  -4.4,  2.7,  9.6,  16.8,  23.3,  -38.6,  -30.0,  -18.9,  -10.3,  -19.4,  -30.4,  28.5,  37.3,  48.1,  56.8,  49.2,  38.6,  -17.1,  -6.0,  3.3,  9.7,  16.5,  26.3,  37.3,  26.4,  16.9,  9.6,  2.9,  -6.5,  -12.7,  3.4,  9.9,  16.9,  32.4,  16.5,  9.5,  3.0,  -16.3,  7.3,  30.0,  50.9,  68.3,  81.1,  88.6,  91.4,  90.8,  90.3,  86.5,  78.3,  64.0,  45.0,  24.7,  3.5,  -18.0,  -36.2,  -47.1,  -51.1,  -50.3,  -46.3,  -47.3,  -52.0,  -53.3,  -50.7,  -41.6,  -26.6,  -14.0,  -2.0,  9.9,  21.3,  22.9,  24.3,  22.2,  20.1,  -19.8,  -26.1,  -26.2,  -19.6,  -16.5,  -16.1,  -20.8,  -28.0,  -28.3,  -22.8,  -18.7,  -18.3,  48.1,  41.1,  37.3,  38.6,  36.8,  40.1,  45.6,  49.8,  50.8,  51.5,  51.7,  51.3,  47.6,  43.8,  44.0,  43.0,  45.5,  42.8,  43.5,  43.6,  425.0,  423.2,  421.1,  417.7,  411.8,  402.8,  391.1,  377.1,  372.1,  377.8,  391.4,  402.8,  407.6,  408.3,  409.8,  411.6,  414.9,  395.4,  389.4,  381.3,  373.0,  366.0,  364.3,  369.8,  375.6,  381.9,  388.4,  367.0,  359.8,  352.3,  345.4,  360.7,  357.4,  354.7,  356.2,  358.7,  386.6,  382.5,  380.1,  378.1,  378.6,  381.0,  376.6,  378.2,  379.3,  382.5,  377.7,  376.5,  373.9,  363.2,  357.5,  356.3,  356.6,  361.9,  371.9,  359.3,  352.6,  352.0,  353.3,  360.3,  371.0,  358.5,  357.4,  357.7,  368.3,  355.8,  354.8,  356.4, 0.00, 0.00, 0.00, 0.00, 0.00, 0.00, 0.08, 0.00, 0.00, 0.00, 0.00, 0.16, 0.00, 0.00, 0.17, 0.09, 0.03, 0.00, 0.00, 0.00, 1.00, 0.00, 0.00, 0.00, 0.00, 0.00, 0.00, 0.00, 0.00, 0.00, 0.00, 0.00, 0.00, 0.00, 0.00
5,  0,  0.133,  0.98,  1,  8.9,  12.2,  365.2,  -0.143,  0.054,  -0.016,  237.6,  240.2,  245.0,  250.7,  259.9,  274.3,  291.2,  311.5,  334.6,  357.0,  377.4,  395.4,  408.9,  416.6,  420.7,  424.3,  426.4,  246.9,  258.6,  275.7,  293.6,  310.5,  351.4,  369.1,  386.4,  403.0,  414.5,  332.1,  332.2,  332.3,  332.5,  313.2,  323.0,  332.7,  342.7,  351.7,  269.4,  280.1,  294.5,  305.7,  293.7,  279.5,  357.5,  368.9,  383.1,  394.0,  384.7,  370.8,  296.1,  310.7,  323.8,  332.8,  342.3,  355.7,  369.7,  356.1,  343.1,  332.7,  323.1,  309.9,  301.9,  323.9,  333.0,  342.8,  363.5,  342.4,  332.6,  323.3,  219.0,  246.8,  273.8,  299.1,  320.9,  338.2,  350.1,  357.5,  358.3,  356.2,  347.8,  335.0,  316.5,  293.0,  268.2,  242.7,  217.0,  190.3,  175.3,  168.4,  167.7,  171.7,  170.0,  164.8,  164.5,  169.5,  182.7,  198.9,  215.3,  231.4,  248.1,  264.3,  266.8,  268.9,  265.9,  262.9,  210.5,  201.9,  201.5,  209.8,  213.9,  214.7,  208.2,  199.1,  198.9,  206.6,  211.2,  211.6,  300.0,  291.4,  286.9,  288.8,  286.2,  290.3,  296.9,  304.5,  307.2,  308.3,  308.2,  306.5,  299.6,  296.0,  296.4,  295.0,  297.2,  295.2,  296.4,  296.3,  -70.0,  -67.4,  -62.9,  -57.6,  -49.1,  -36.5,  -22.3,  -6.3,  10.7,  27.5,  44.3,  60.0,  71.7,  78.1,  81.8,  85.3,  87.9,  -57.9,  -47.9,  -33.9,  -19.8,  -6.9,  22.9,  36.4,  50.0,  63.5,  73.4,  8.9,  8.7,  8.6,  8.6,  -4.9,  2.1,  8.9,  16.1,  22.6,  -39.1,  -30.5,  -19.4,  -10.8,  -19.9,  -30.9,  28.2,  37.0,  47.9,  56.5,  48.8,  38.2,  -17.7,  -6.7,  2.7,  9.0,  15.8,  25.6,  36.6,  25.7,  16.1,  8.9,  2.1,  -7.2,  -13.3,  2.7,  9.2,  16.1,  31.7,  15.8,  8.8,  2.3,  -17.9,  5.7,  28.4,  49.1,  66.1,  78.3,  85.1,  87.3,  86.6,  86.4,  83.3,  75.6,  61.7,  42.8,  22.9,  2.2,  -19.0,  -39.3,  -50.5,  -54.8,  -54.1,  -50.1,  -51.1,  -55.7,  -56.8,  -53.9,  -44.5,  -30.2,  -17.7,  -6.0,  5.6,  17.5,  19.0,  20.3,  18.4,  16.3,  -22.8,  -29.2,  -29.3,  -22.9,  -19.7,  -19.2,  -23.9,  -31.0,  -31.1,  -25.5,  -21.7,  -21.4,  44.4,  37.0,  33.2,  34.5,  32.6,  36.1,  41.9,  45.9,  46.8,  47.5,  47.7,  47.4,  43.8,  39.8,  39.9,  38.9,  41.7,  38.9,  39.6,  39.7,  424.9,  422.3,  419.4,  415.2,  408.5,  398.6,  386.1,  371.5,  366.3,  372.1,  386.1,  397.9,  403.2,  404.4,  406.4,  409.0,  413.2,  395.9,  390.3,  382.5,  374.1,  366.9,  365.1,  370.7,  376.5,  382.5,  388.5,  367.0,  359.3,  351.2,  343.7,  358.5,  355.2,  352.3,  353.9,  356.4,  386.3,  382.5,  380.0,  377.9,  378.2,  380.6,  376.3,  378.1,  379.1,  381.9,  377.1,  376.0,  370.4,  359.8,  354.2,  353.0,  353.3,  358.5,  368.2,  355.5,  348.7,  348.1,  349.4,  356.5,  367.6,  355.0,  353.8,  354.2,  364.7,  352.4,  351.3,  352.9, 0.00, 0.02, 0.00, 0.00, 0.00, 0.00, 0.14, 0.00, 0.00, 0.00, 0.00, 0.08, 0.00, 0.00, 0.09, 0.13, 0.03, 0.00, 0.00, 0.00, 1.00, 0.00, 0.00, 0.00, 0.00, 0.00, 0.00, 0.00, 0.00, 0.00, 0.00, 0.00, 0.00, 0.00, 0.00
6,  0,  0.167,  0.98,  1,  8.8,  9.5,  362.4,  -0.164,  0.056,  -0.013,  237.5,  239.9,  244.6,  250.3,  259.6,  274.2,  291.3,  311.6,  334.7,  357.1,  377.4,  395.4,  408.9,  416.7,  420.9,  424.5,  426.5,  246.9,  258.4,  275.5,  293.4,  310.4,  351.4,  369.1,  386.4,  403.1,  414.4,  332.1,  332.1,  332.2,  332.4,  312.9,  322.7,  332.5,  342.6,  351.7,  269.6,  280.3,  294.4,  305.6,  293.7,  279.6,  357.2,  368.8,  382.8,  393.6,  384.2,  370.5,  295.5,  310.2,  323.5,  332.5,  342.2,  355.8,  369.9,  356.1,  342.9,  332.5,  322.7,  309.4,  301.3,  323.6,  332.8,  342.7,  363.7,  342.3,  332.4,  323.1,  217.4,  245.1,  272.2,  297.5,  319.1,  336.0,  347.5,  354.3,  355.0,  353.1,  345.1,  332.9,  314.8,  291.7,  267.1,  241.9,  216.8,  186.9,  171.5,  164.2,  163.4,  167.5,  165.9,  160.8,  160.8,  166.3,  179.9,  194.7,  210.9,  226.8,  243.2,  260.0,  262.3,  264.3,  261.4,  258.5,  206.6,  198.1,  197.6,  205.6,  209.5,  210.4,  204.4,  195.7,  195.6,  203.2,  207.4,  207.6,  295.8,  287.2,  282.5,  284.4,  281.9,  286.2,  293.1,  300.3,  302.7,  303.8,  303.7,  302.0,  295.4,  291.7,  292.1,  290.8,  293.3,  290.7,  291.8,  291.7,  -70.0,  -67.5,  -63.0,  -57.6,  -49.0,  -36.1,  -21.9,  -6.2,  10.6,  27.2,  43.9,  59.5,  71.1,  77.7,  81.6,  85.0,  87.7,  -57.8,  -48.0,  -34.0,  -19.9,  -7.0,  22.9,  36.3,  49.9,  63.5,  73.3,  8.8,  8.7,  8.5,  8.4,  -5.0,  1.9,  8.7,  15.9,  22.4,  -38.8,  -30.3,  -19.4,  -10.8,  -19.8,  -30.6,  27.9,  36.8,  47.5,  56.0,  48.2,  37.8,  -18.0,  -7.0,  2.4,  8.8,  15.5,  25.4,  36.5,  25.4,  15.8,  8.6,  1.9,  -7.5,  -13.6,  2.5,  9.0,  15.9,  31.6,  15.6,  8.6,  2.1,  -19.2,  4.3,  26.9,  47.6,  64.2,  75.8,  82.0,  83.8,  83.2,  83.1,  80.4,  73.2,  59.9,  41.5,  21.9,  1.5,  -19.1,  -42.0,  -53.4,  -57.9,  -57.2,  -53.1,  -53.9,  -58.5,  -59.5,  -56.4,  -46.7,  -33.1,  -20.8,  -9.2,  2.2,  14.2,  15.7,  16.9,  15.0,  13.0,  -25.7,  -32.0,  -32.1,  -25.9,  -23.0,  -22.5,  -26.7,  -33.4,  -33.5,  -28.0,  -24.5,  -24.2,  41.0,  33.6,  29.8,  31.1,  29.3,  32.8,  38.8,  42.4,  43.3,  43.9,  44.1,  43.8,  40.4,  36.3,  36.5,  35.6,  38.6,  35.4,  36.0,  36.2,  424.3,  421.3,  418.0,  413.4,  405.8,  395.0,  381.6,  366.7,  361.6,  367.6,  382.1,  394.4,  400.1,  401.8,  404.2,  407.1,  411.7,  395.2,  389.9,  382.0,  373.5,  366.0,  363.9,  369.8,  375.8,  382.1,  388.1,  365.4,  357.1,  348.5,  340.4,  355.7,  352.1,  349.0,  350.7,  353.5,  384.9,  381.3,  378.8,  376.6,  376.7,  379.1,  374.8,  376.8,  377.8,  380.4,  375.6,  374.4,  367.4,  356.5,  350.7,  349.5,  350.0,  355.1,  365.2,  352.1,  345.3,  344.5,  345.8,  353.0,  364.4,  351.6,  350.4,  350.9,  361.7,  349.2,  347.9,  349.5, 0.00, 0.02, 0.00, 0.00, 0.00, 0.01, 0.21, 0.00, 0.00, 0.00, 0.00, 0.06, 0.00, 0.00, 0.02, 0.10, 0.10, 0.00, 0.00, 0.00, 1.00, 0.00, 0.00, 0.00, 0.00, 0.00, 0.00, 0.00, 0.00, 0.00, 0.00, 0.00, 0.00, 0.00, 0.00
7,  0,  0.200,  0.98,  1,  8.6,  7.7,  361.3,  -0.187,  0.058,  -0.008,  237.3,  239.6,  244.3,  249.9,  259.2,  273.8,  290.9,  311.4,  334.6,  357.0,  377.5,  395.4,  408.8,  416.6,  420.8,  424.4,  426.6,  247.0,  258.5,  275.5,  293.4,  310.4,  351.7,  369.3,  386.6,  403.1,  414.4,  332.2,  332.1,  332.1,  332.2,  312.8,  322.6,  332.3,  342.4,  351.5,  269.6,  280.3,  294.4,  305.6,  293.6,  279.6,  357.4,  369.0,  383.1,  393.8,  384.4,  370.7,  295.0,  309.7,  323.0,  332.2,  341.9,  355.6,  369.9,  355.9,  342.6,  332.0,  322.2,  308.8,  300.8,  323.2,  332.5,  342.4,  363.6,  342.0,  332.0,  322.6,  216.2,  243.8,  270.7,  295.9,  317.3,  334.0,  345.4,  352.1,  352.9,  351.2,  343.8,  332.1,  314.3,  291.4,  266.9,  241.7,  216.8,  184.4,  168.8,  161.4,  160.4,  164.6,  163.3,  158.3,  158.5,  164.1,  177.8,  192.1,  207.9,  223.5,  239.7,  257.1,  259.3,  261.2,  258.5,  255.6,  204.3,  195.8,  195.3,  203.3,  207.2,  208.0,  202.2,  193.7,  193.8,  201.5,  205.6,  205.7,  293.2,  284.2,  279.4,  281.4,  278.9,  283.4,  290.9,  297.8,  300.1,  301.0,  301.0,  299.3,  292.8,  288.8,  289.2,  287.9,  290.9,  288.1,  289.1,  289.0,  -70.2,  -67.7,  -63.2,  -57.8,  -49.2,  -36.3,  -22.0,  -6.3,  10.4,  27.0,  43.6,  59.1,  70.6,  77.1,  81.0,  84.6,  87.4,  -57.8,  -48.1,  -34.1,  -19.9,  -7.1,  23.1,  36.5,  50.1,  63.6,  73.3,  8.9,  8.6,  8.4,  8.3,  -5.1,  1.8,  8.6,  15.7,  22.2,  -38.8,  -30.3,  -19.4,  -10.8,  -19.9,  -30.6,  28.1,  36.9,  47.7,  56.2,  48.4,  38.0,  -18.3,  -7.3,  2.1,  8.5,  15.3,  25.2,  36.3,  25.2,  15.5,  8.3,  1.5,  -7.9,  -13.9,  2.2,  8.7,  15.7,  31.4,  15.3,  8.3,  1.8,  -20.2,  3.2,  25.6,  46.1,  62.5,  73.8,  79.8,  81.4,  80.9,  81.1,  78.7,  72.1,  59.1,  41.0,  21.6,  1.4,  -19.1,  -44.0,  -55.6,  -60.2,  -59.6,  -55.3,  -56.0,  -60.6,  -61.4,  -58.1,  -48.2,  -35.1,  -22.9,  -11.5,  -0.2,  12.1,  13.6,  14.8,  12.9,  11.0,  -27.5,  -33.8,  -33.9,  -27.7,  -24.7,  -24.3,  -28.3,  -34.9,  -34.9,  -29.3,  -25.9,  -25.7,  39.0,  31.4,  27.5,  28.8,  27.1,  30.7,  37.0,  40.5,  41.3,  41.8,  41.9,  41.7,  38.3,  34.1,  34.3,  33.5,  36.7,  33.5,  34.0,  34.1,  424.6,  421.2,  417.5,  412.4,  404.0,  392.4,  378.4,  363.3,  358.5,  364.6,  379.2,  391.6,  397.5,  399.4,  401.9,  405.2,  410.1,  395.6,  390.7,  383.0,  374.6,  367.2,  364.9,  370.7,  376.6,  382.6,  388.0,  365.8,  357.3,  348.4,  340.0,  355.0,  351.4,  348.3,  350.0,  352.8,  385.1,  381.7,  379.2,  376.9,  377.0,  379.4,  375.0,  377.2,  378.1,  380.5,  375.7,  374.6,  365.8,  355.0,  349.4,  348.2,  348.7,  353.7,  363.6,  350.4,  343.5,  342.7,  343.9,  351.1,  362.9,  350.0,  348.9,  349.5,  360.0,  347.7,  346.4,  347.9, 0.00, 0.02, 0.00, 0.00, 0.00, 0.01, 0.23, 0.00, 0.00, 0.00, 0.00, 0.01, 0.00, 0.00, 0.01, 0.04, 0.13, 0.00, 0.00, 0.00, 1.00, 0.00, 0.00, 0.00, 0.00, 0.00, 0.00, 0.00, 0.00, 0.00, 0.00, 0.00, 0.00, 0.00, 0.00
8,  0,  0.233,  0.98,  1,  8.4,  7.0,  360.4,  -0.187,  0.057,  -0.003,  237.2,  239.3,  243.8,  249.4,  258.6,  273.0,  290.0,  310.5,  333.8,  356.4,  377.0,  395.1,  408.6,  416.5,  420.7,  424.4,  426.7,  246.9,  258.4,  275.3,  293.1,  309.9,  351.8,  369.4,  386.7,  403.2,  414.5,  331.8,  331.7,  331.7,  331.7,  312.5,  322.2,  331.9,  341.9,  351.0,  269.2,  280.0,  294.1,  305.4,  293.3,  279.3,  357.2,  368.9,  383.1,  393.9,  384.4,  370.5,  294.7,  309.3,  322.6,  331.7,  341.3,  355.2,  369.5,  355.4,  342.0,  331.5,  321.8,  308.4,  300.5,  322.7,  332.0,  341.8,  363.1,  341.5,  331.5,  322.2,  215.4,  242.5,  268.9,  293.9,  315.2,  332.0,  343.8,  351.0,  352.2,  350.7,  343.4,  331.7,  313.9,  291.0,  266.6,  241.6,  216.8,  183.0,  167.6,  160.2,  159.2,  163.4,  162.1,  157.2,  157.6,  163.5,  177.3,  191.2,  206.9,  222.2,  238.1,  255.9,  258.1,  260.1,  257.4,  254.7,  203.6,  195.0,  194.6,  202.5,  206.5,  207.4,  201.7,  193.3,  193.5,  201.3,  205.3,  205.3,  291.9,  282.9,  278.1,  280.2,  277.7,  282.3,  289.9,  296.8,  299.0,  299.9,  299.8,  298.0,  291.5,  287.6,  288.1,  286.8,  289.9,  287.0,  288.0,  287.8,  -70.3,  -67.9,  -63.5,  -58.1,  -49.6,  -36.8,  -22.7,  -6.9,  9.9,  26.5,  43.2,  58.8,  70.4,  77.0,  80.9,  84.6,  87.6,  -57.8,  -48.1,  -34.2,  -20.2,  -7.4,  23.1,  36.6,  50.2,  63.6,  73.3,  8.6,  8.4,  8.1,  7.9,  -5.3,  1.6,  8.2,  15.3,  21.8,  -39.1,  -30.5,  -19.6,  -11.0,  -20.1,  -30.9,  27.8,  36.8,  47.6,  56.2,  48.3,  37.8,  -18.5,  -7.6,  1.8,  8.1,  14.8,  24.8,  35.9,  24.7,  15.1,  7.9,  1.2,  -8.1,  -14.1,  1.9,  8.3,  15.2,  31.0,  14.9,  8.0,  1.5,  -20.9,  2.1,  24.1,  44.3,  60.6,  72.1,  78.5,  80.6,  80.4,  80.7,  78.4,  71.7,  58.7,  40.7,  21.4,  1.3,  -19.0,  -45.1,  -56.5,  -61.1,  -60.4,  -56.2,  -56.7,  -61.3,  -61.9,  -58.5,  -48.6,  -35.6,  -23.6,  -12.4,  -1.3,  11.3,  12.7,  13.9,  12.1,  10.3,  -28.0,  -34.3,  -34.4,  -28.2,  -25.2,  -24.7,  -28.7,  -35.2,  -35.1,  -29.4,  -26.1,  -26.0,  37.9,  30.4,  26.5,  27.9,  26.2,  29.9,  36.2,  39.7,  40.4,  40.9,  41.0,  40.6,  37.3,  33.2,  33.4,  32.6,  35.8,  32.6,  33.1,  33.1,  424.3,  420.7,  416.7,  411.6,  403.3,  391.8,  378.1,  363.1,  358.2,  364.2,  378.9,  391.3,  397.1,  399.0,  401.7,  405.2,  410.2,  395.2,  390.3,  382.5,  373.9,  366.5,  364.0,  370.0,  376.1,  382.2,  387.7,  365.1,  356.4,  347.4,  338.9,  354.0,  350.6,  347.5,  349.1,  351.8,  384.9,  381.3,  378.8,  376.5,  376.6,  379.0,  374.4,  376.7,  377.6,  380.1,  375.2,  374.0,  364.9,  353.8,  348.2,  347.1,  347.5,  352.5,  362.6,  349.3,  342.4,  341.6,  342.8,  350.0,  361.9,  348.9,  347.8,  348.3,  359.1,  346.6,  345.3,  346.8, 0.00, 0.01, 0.00, 0.00, 0.00, 0.01, 0.21, 0.00, 0.00, 0.00, 0.00, 0.01, 0.00, 0.00, 0.01, 0.00, 0.25, 0.00, 0.00, 0.00, 1.00, 0.00, 0.00, 0.00, 0.00, 0.00, 0.00, 0.00, 0.00, 0.00, 0.00, 0.00, 0.00, 0.00, 0.00
9,  0,  0.267,  0.98,  1,  8.1,  7.6,  361.7,  -0.174,  0.061,  0.000,  237.0,  239.1,  243.5,  249.0,  258.2,  272.8,  289.6,  309.7,  332.9,  355.4,  376.3,  394.6,  408.3,  416.3,  420.7,  424.5,  427.1,  246.8,  258.6,  275.6,  293.4,  310.3,  351.4,  369.3,  386.9,  403.6,  415.0,  331.7,  331.4,  331.2,  331.1,  311.8,  321.6,  331.2,  341.3,  350.5,  269.1,  279.9,  294.1,  305.2,  293.2,  279.1,  357.0,  368.7,  382.9,  393.7,  384.1,  370.2,  293.8,  308.6,  321.9,  331.0,  340.7,  354.6,  369.3,  354.7,  341.1,  330.6,  320.9,  307.6,  299.6,  322.0,  331.2,  341.1,  362.8,  340.7,  330.7,  321.4,  214.6,  241.9,  268.5,  293.7,  315.1,  332.0,  343.9,  351.3,  352.5,  350.9,  343.6,  331.7,  313.9,  291.0,  266.7,  241.8,  216.9,  183.3,  168.0,  160.7,  159.9,  164.1,  162.8,  157.9,  158.4,  164.4,  178.4,  192.2,  207.9,  223.3,  239.2,  256.8,  259.1,  261.1,  258.5,  255.8,  204.4,  195.9,  195.6,  203.6,  207.6,  208.3,  202.7,  194.3,  194.4,  202.2,  206.3,  206.3,  292.7,  284.0,  279.4,  281.4,  278.9,  283.5,  290.8,  297.8,  299.9,  300.9,  300.7,  299.0,  292.4,  288.7,  289.1,  287.8,  290.9,  288.2,  289.1,  288.9,  -70.7,  -68.3,  -64.0,  -58.7,  -50.0,  -37.2,  -23.1,  -7.5,  9.3,  25.9,  42.8,  58.5,  70.2,  76.9,  80.9,  84.8,  88.0,  -57.9,  -48.0,  -34.0,  -19.9,  -7.1,  22.9,  36.5,  50.3,  63.9,  73.7,  8.5,  8.2,  7.8,  7.6,  -5.8,  1.1,  7.8,  14.9,  21.5,  -39.2,  -30.6,  -19.7,  -11.1,  -20.2,  -31.1,  27.7,  36.7,  47.5,  56.1,  48.1,  37.6,  -19.2,  -8.1,  1.4,  7.7,  14.4,  24.5,  35.9,  24.4,  14.5,  7.3,  0.6,  -8.7,  -14.9,  1.4,  7.8,  14.8,  30.9,  14.4,  7.4,  1.0,  -21.6,  1.6,  23.9,  44.3,  60.8,  72.5,  79.0,  81.3,  81.0,  81.2,  78.8,  71.9,  58.7,  40.7,  21.5,  1.4,  -19.0,  -44.9,  -56.2,  -60.6,  -59.9,  -55.6,  -56.1,  -60.7,  -61.3,  -57.8,  -47.7,  -34.9,  -22.9,  -11.7,  -0.5,  11.9,  13.5,  14.7,  12.9,  11.1,  -27.5,  -33.6,  -33.7,  -27.4,  -24.5,  -24.0,  -28.0,  -34.5,  -34.4,  -28.7,  -25.3,  -25.2,  38.7,  31.3,  27.6,  28.9,  27.2,  30.8,  37.1,  40.5,  41.2,  41.8,  41.8,  41.5,  38.2,  34.1,  34.3,  33.5,  36.7,  33.5,  34.0,  34.1,  425.7,  422.1,  418.2,  413.0,  404.8,  393.6,  380.2,  365.2,  360.2,  365.9,  380.3,  392.2,  397.6,  399.2,  401.9,  405.5,  410.7,  395.6,  390.4,  382.5,  373.9,  366.4,  363.6,  369.7,  375.8,  382.0,  387.8,  365.3,  357.0,  348.3,  340.1,  355.2,  351.8,  348.7,  350.3,  352.9,  385.4,  381.8,  379.3,  376.9,  377.1,  379.5,  374.6,  376.8,  377.7,  380.3,  375.3,  374.2,  367.1,  355.7,  349.9,  348.7,  349.0,  354.2,  364.5,  350.9,  343.8,  343.1,  344.4,  352.0,  364.1,  350.5,  349.4,  349.8,  361.0,  347.9,  346.7,  348.2, 0.09, 0.11, 0.02, 0.00, 0.00, 0.00, 0.19, 0.00, 0.00, 0.00, 0.00, 0.01, 0.00, 0.00, 0.00, 0.02, 0.19, 0.00, 0.00, 0.00, 1.00, 0.00, 0.00, 0.00, 0.00, 0.00, 0.00, 0.00, 0.00, 0.00, 0.00, 0.00, 0.00, 0.00, 0.00
10,  0,  0.300,  0.98,  1,  8.0,  9.9,  362.9,  -0.145,  0.060,  0.004,  237.0,  239.0,  243.3,  248.7,  257.8,  272.2,  288.7,  308.7,  331.8,  354.4,  375.4,  393.9,  407.8,  415.8,  420.3,  424.5,  427.4,  246.7,  258.6,  275.7,  293.5,  310.5,  351.8,  369.9,  387.5,  404.3,  415.6,  331.8,  331.4,  331.1,  330.8,  311.5,  321.2,  330.9,  341.0,  350.3,  269.1,  280.0,  294.1,  305.2,  293.2,  279.1,  357.2,  369.0,  383.2,  394.1,  384.4,  370.5,  293.3,  308.3,  321.6,  330.6,  340.3,  354.2,  368.8,  354.2,  340.6,  330.1,  320.5,  307.1,  299.1,  321.6,  330.8,  340.7,  362.4,  340.2,  330.3,  321.0,  214.4,  242.1,  269.2,  294.6,  316.4,  333.9,  346.3,  354.3,  355.8,  354.1,  346.1,  333.6,  315.3,  292.1,  267.7,  242.7,  217.7,  185.5,  170.4,  163.4,  162.9,  167.2,  166.1,  161.3,  161.7,  167.5,  181.2,  195.6,  211.6,  227.3,  243.6,  260.5,  263.0,  265.2,  262.5,  259.7,  207.0,  198.8,  198.5,  206.5,  210.5,  211.2,  205.9,  197.6,  197.8,  205.4,  209.7,  209.7,  295.9,  287.8,  283.5,  285.6,  283.2,  287.5,  294.3,  301.7,  304.1,  305.0,  304.8,  302.8,  295.8,  292.7,  293.3,  292.0,  294.5,  292.1,  293.1,  292.8,  -70.6,  -68.4,  -64.2,  -59.1,  -50.6,  -37.9,  -24.0,  -8.4,  8.6,  25.4,  42.5,  58.4,  70.1,  76.7,  80.8,  84.8,  88.2,  -57.9,  -47.8,  -33.8,  -19.7,  -6.9,  23.0,  36.7,  50.5,  64.1,  74.0,  8.6,  8.1,  7.7,  7.4,  -6.1,  0.9,  7.6,  14.8,  21.4,  -39.2,  -30.5,  -19.6,  -11.1,  -20.2,  -31.0,  27.8,  36.8,  47.6,  56.2,  48.2,  37.7,  -19.7,  -8.4,  1.1,  7.5,  14.2,  24.3,  35.8,  24.1,  14.2,  7.0,  0.3,  -9.1,  -15.3,  1.1,  7.6,  14.5,  30.8,  14.1,  7.2,  0.7,  -21.8,  1.8,  24.4,  45.2,  62.1,  74.4,  81.5,  84.3,  84.2,  84.3,  81.4,  73.9,  60.2,  41.7,  22.3,  2.2,  -18.3,  -43.0,  -54.2,  -58.4,  -57.5,  -53.1,  -53.5,  -57.9,  -58.6,  -55.2,  -45.4,  -32.4,  -20.3,  -8.8,  2.5,  14.6,  16.2,  17.6,  15.8,  13.9,  -25.4,  -31.4,  -31.4,  -25.2,  -22.2,  -21.9,  -25.5,  -31.9,  -31.8,  -26.3,  -22.7,  -22.6,  41.2,  34.2,  30.6,  32.0,  30.3,  33.8,  39.8,  43.5,  44.3,  44.9,  44.9,  44.5,  40.8,  37.1,  37.4,  36.5,  39.5,  36.4,  37.0,  37.0,  425.2,  422.1,  418.7,  414.0,  406.5,  396.0,  383.2,  368.7,  363.7,  369.3,  383.3,  394.7,  399.3,  400.2,  402.5,  405.8,  410.7,  394.9,  389.3,  381.1,  372.4,  364.8,  362.1,  368.1,  374.2,  380.6,  386.7,  364.6,  356.8,  348.6,  340.9,  356.2,  352.8,  349.8,  351.3,  353.9,  384.9,  381.0,  378.5,  376.4,  376.6,  379.0,  374.0,  375.9,  376.8,  379.5,  374.7,  373.7,  368.9,  357.5,  351.6,  350.4,  350.6,  355.8,  366.1,  352.7,  345.7,  345.1,  346.4,  354.0,  365.9,  352.4,  351.2,  351.5,  362.6,  349.5,  348.3,  349.9, 0.10, 0.27, 0.03, 0.00, 0.00, 0.00, 0.10, 0.00, 0.00, 0.01, 0.00, 0.00, 0.05, 0.00, 0.04, 0.07, 0.29, 0.00, 0.00, 0.00, 1.00, 0.00, 0.00, 0.00, 0.00, 0.00, 1.00, 0.00, 0.00, 0.00, 0.00, 0.00, 0.00, 0.00, 1.00
11,  0,  0.333,  0.98,  1,  8.3,  13.8,  365.4,  -0.102,  0.052,  0.005,  237.1,  239.1,  243.3,  248.5,  257.6,  272.1,  288.7,  308.6,  331.4,  353.6,  374.2,  392.6,  406.8,  415.3,  420.1,  424.4,  427.5,  246.9,  258.8,  275.9,  293.8,  310.8,  352.7,  370.8,  388.1,  404.7,  416.1,  332.3,  332.0,  331.7,  331.5,  311.6,  321.5,  331.4,  341.7,  351.0,  269.4,  280.5,  294.6,  305.7,  293.6,  279.5,  357.7,  369.4,  383.6,  394.4,  384.8,  371.0,  293.2,  308.6,  322.1,  331.1,  340.9,  354.6,  369.2,  354.7,  341.2,  330.6,  320.9,  307.4,  299.0,  322.0,  331.3,  341.2,  362.9,  340.7,  330.8,  321.4,  215.4,  243.6,  271.0,  296.8,  319.2,  337.4,  350.5,  359.2,  360.9,  358.8,  350.2,  337.0,  318.5,  295.1,  270.3,  244.8,  219.2,  189.6,  174.9,  168.4,  168.3,  172.7,  172.0,  167.2,  167.2,  172.4,  185.6,  201.4,  218.1,  234.5,  251.5,  266.6,  269.4,  271.9,  269.0,  266.0,  211.3,  203.6,  203.5,  211.5,  215.4,  215.9,  211.0,  202.7,  202.8,  210.1,  214.7,  214.8,  300.8,  293.8,  290.0,  292.1,  289.7,  293.5,  299.4,  307.6,  310.4,  311.4,  311.2,  308.7,  301.0,  298.9,  299.6,  298.2,  299.9,  298.4,  299.4,  299.1,  -70.2,  -68.2,  -64.3,  -59.4,  -51.1,  -38.3,  -24.3,  -8.6,  8.4,  25.2,  42.1,  58.0,  70.0,  77.0,  81.1,  85.1,  88.6,  -57.5,  -47.4,  -33.5,  -19.4,  -6.7,  23.6,  37.3,  50.8,  64.3,  74.1,  9.0,  8.6,  8.2,  7.9,  -6.0,  1.1,  8.0,  15.3,  22.1,  -38.8,  -30.0,  -19.2,  -10.8,  -19.9,  -30.6,  28.2,  37.1,  47.8,  56.4,  48.5,  38.1,  -19.9,  -8.3,  1.5,  7.9,  14.8,  24.9,  36.4,  24.8,  14.8,  7.4,  0.6,  -9.0,  -15.5,  1.4,  8.0,  15.1,  31.5,  14.6,  7.6,  1.0,  -20.8,  3.0,  26.0,  47.3,  64.9,  77.9,  85.8,  89.2,  89.3,  89.1,  85.6,  77.5,  63.4,  44.5,  24.5,  3.9,  -17.1,  -39.7,  -50.4,  -54.3,  -53.2,  -48.9,  -49.1,  -53.4,  -54.3,  -51.3,  -42.0,  -28.1,  -15.6,  -3.8,  7.9,  19.0,  20.9,  22.5,  20.5,  18.5,  -22.0,  -27.7,  -27.6,  -21.4,  -18.5,  -18.2,  -21.7,  -28.0,  -28.0,  -22.7,  -19.0,  -18.8,  45.3,  38.8,  35.5,  36.9,  35.2,  38.5,  44.0,  48.2,  49.2,  49.8,  49.8,  49.2,  45.1,  41.9,  42.3,  41.3,  43.9,  41.2,  41.8,  41.8,  423.5,  421.5,  419.2,  415.7,  409.4,  400.1,  388.3,  374.3,  369.4,  375.0,  388.5,  399.4,  403.5,  403.7,  405.2,  407.6,  411.7,  393.4,  387.4,  379.0,  370.6,  363.2,  361.0,  366.9,  372.9,  379.3,  385.7,  364.1,  357.1,  349.6,  342.7,  358.1,  354.8,  351.9,  353.5,  356.0,  384.0,  379.9,  377.5,  375.7,  376.0,  378.3,  373.7,  375.4,  376.3,  379.3,  374.7,  373.5,  372.4,  361.1,  354.9,  353.7,  353.8,  359.4,  370.1,  356.8,  349.5,  348.9,  350.3,  357.9,  369.6,  355.9,  354.7,  355.0,  366.5,  352.8,  351.8,  353.4, 0.16, 0.33, 0.08, 0.00, 0.00, 0.00, 0.05, 0.00, 0.00, 0.01, 0.03, 0.01, 0.19, 0.00, 0.11, 0.18, 0.24, 0.00, 0.00, 0.00, 0.00, 0.00, 0.00, 0.00, 0.00, 0.00, 1.00, 0.00, 0.00, 0.00, 0.00, 0.00, 0.00, 0.00, 1.00
12,  0,  0.367,  0.98,  1,  8.7,  18.8,  368.5,  -0.043,  0.048,  0.001,  237.0,  239.3,  243.6,  248.9,  258.2,  272.9,  289.6,  309.6,  332.2,  354.1,  374.2,  392.3,  406.5,  415.2,  420.1,  424.6,  427.9,  247.0,  258.8,  276.0,  294.1,  311.4,  353.0,  371.3,  388.7,  405.4,  417.0,  332.7,  332.5,  332.3,  332.2,  312.0,  322.0,  332.0,  342.4,  351.8,  269.6,  280.7,  294.8,  305.8,  293.8,  279.8,  358.5,  370.2,  384.3,  395.0,  385.4,  371.7,  293.7,  309.2,  322.6,  331.8,  341.6,  355.3,  369.8,  355.3,  341.8,  331.3,  321.4,  308.0,  299.5,  322.4,  331.8,  341.8,  363.6,  341.3,  331.3,  321.9,  218.3,  246.3,  273.5,  299.4,  322.0,  340.8,  354.9,  364.8,  366.8,  364.2,  354.4,  340.4,  321.5,  298.0,  272.8,  246.9,  220.6,  195.7,  181.4,  175.5,  175.9,  180.6,  179.9,  174.7,  174.3,  179.0,  191.5,  208.9,  226.2,  243.4,  261.1,  274.3,  277.6,  280.4,  277.3,  274.0,  217.4,  210.1,  210.1,  218.0,  222.0,  222.4,  217.4,  209.1,  209.2,  216.1,  221.1,  221.3,  307.2,  301.4,  298.4,  300.6,  298.1,  301.3,  305.9,  315.0,  318.2,  319.3,  318.9,  315.9,  307.6,  306.9,  307.7,  306.3,  306.7,  306.2,  307.3,  306.8,  -70.1,  -68.0,  -64.3,  -59.5,  -51.0,  -38.1,  -24.0,  -7.9,  9.2,  26.0,  42.8,  58.6,  70.6,  77.6,  81.6,  85.5,  88.8,  -57.2,  -47.1,  -33.1,  -19.1,  -6.2,  23.7,  37.4,  50.9,  64.4,  74.4,  9.2,  8.9,  8.6,  8.4,  -5.8,  1.4,  8.5,  16.0,  22.8,  -38.6,  -29.8,  -19.0,  -10.6,  -19.7,  -30.4,  28.7,  37.6,  48.3,  56.8,  49.0,  38.6,  -19.8,  -7.9,  1.9,  8.4,  15.4,  25.7,  37.3,  25.6,  15.5,  8.0,  1.0,  -8.7,  -15.3,  1.7,  8.5,  15.7,  32.4,  15.2,  8.1,  1.3,  -18.3,  5.3,  28.2,  49.7,  67.7,  81.6,  90.5,  95.0,  95.5,  94.9,  90.4,  81.4,  66.5,  47.2,  26.8,  5.7,  -15.9,  -34.7,  -45.1,  -48.5,  -47.2,  -42.8,  -43.1,  -47.6,  -48.7,  -46.0,  -37.2,  -22.6,  -9.8,  2.4,  14.6,  24.7,  26.9,  28.7,  26.5,  24.3,  -17.3,  -22.7,  -22.5,  -16.5,  -13.5,  -13.3,  -16.9,  -23.1,  -23.1,  -18.1,  -14.2,  -14.0,  50.6,  44.9,  41.9,  43.4,  41.6,  44.6,  49.4,  54.2,  55.5,  56.1,  56.0,  55.1,  50.6,  48.2,  48.6,  47.6,  49.5,  47.3,  47.9,  47.8,  422.3,  421.5,  420.7,  418.4,  413.0,  404.8,  393.9,  380.7,  376.3,  382.1,  395.1,  405.2,  408.4,  407.4,  407.7,  408.8,  411.7,  391.8,  384.8,  376.1,  367.8,  360.6,  358.8,  364.6,  370.4,  376.8,  383.9,  362.9,  356.8,  350.3,  344.5,  360.3,  357.2,  354.6,  356.1,  358.4,  383.1,  378.9,  376.7,  375.1,  375.5,  377.8,  373.0,  374.4,  375.4,  378.7,  374.4,  373.2,  376.5,  365.2,  359.1,  358.0,  358.0,  363.7,  374.5,  361.6,  354.4,  353.7,  355.1,  362.6,  373.7,  360.2,  359.2,  359.3,  370.9,  357.0,  356.0,  357.7, 0.13, 0.25, 0.09, 0.00, 0.00, 0.00, 0.00, 0.00, 0.00, 0.01, 0.07, 0.08, 0.26, 0.00, 0.14, 0.17, 0.37, 0.00, 0.00, 0.00, 0.00, 0.00, 0.00, 0.00, 0.00, 0.00, 1.00, 0.00, 0.00, 0.00, 1.00, 0.00, 0.00, 0.00, 1.00
13,  0,  0.400,  0.98,  1,  9.3,  24.4,  370.9,  0.022,  0.035,  -0.002,  237.2,  239.6,  243.9,  249.3,  258.5,  273.1,  290.0,  310.7,  333.5,  354.8,  374.0,  391.5,  405.6,  414.8,  420.0,  424.7,  428.1,  247.5,  259.1,  276.4,  294.6,  312.1,  353.5,  371.9,  389.3,  406.0,  417.6,  333.2,  333.3,  333.5,  333.7,  312.9,  323.0,  333.3,  343.7,  353.1,  270.2,  281.2,  295.3,  306.5,  294.5,  280.5,  358.9,  370.6,  384.5,  395.2,  385.8,  372.2,  294.8,  310.4,  323.7,  332.9,  342.8,  356.2,  370.3,  356.4,  343.3,  332.7,  322.8,  309.4,  300.7,  323.4,  332.9,  343.0,  364.4,  342.5,  332.5,  323.0,  222.5,  249.8,  276.1,  301.3,  324.0,  343.8,  359.7,  371.6,  374.2,  370.8,  359.7,  344.5,  325.1,  301.4,  275.9,  249.7,  222.9,  202.6,  188.9,  183.8,  184.6,  189.6,  188.8,  183.1,  182.1,  186.3,  198.2,  217.6,  235.7,  253.6,  272.0,  283.0,  286.6,  289.8,  286.3,  282.6,  224.7,  217.8,  217.9,  225.6,  229.8,  230.1,  225.0,  216.7,  216.7,  223.0,  228.4,  228.8,  313.8,  309.4,  307.0,  309.3,  306.9,  309.2,  312.5,  322.4,  326.2,  327.2,  326.7,  323.2,  314.5,  314.9,  315.9,  314.5,  313.6,  314.3,  315.6,  314.8,  -69.4,  -67.5,  -63.9,  -59.2,  -51.1,  -38.4,  -24.0,  -7.2,  10.4,  27.1,  43.5,  58.8,  70.9,  78.1,  82.3,  86.1,  89.3,  -56.4,  -46.4,  -32.4,  -18.4,  -5.6,  23.8,  37.5,  50.9,  64.4,  74.8,  9.5,  9.5,  9.4,  9.4,  -5.1,  2.2,  9.5,  17.0,  23.8,  -38.0,  -29.3,  -18.5,  -10.1,  -19.1,  -29.7,  28.9,  37.7,  48.3,  56.8,  49.2,  38.9,  -19.1,  -7.1,  2.7,  9.3,  16.5,  26.6,  38.1,  26.6,  16.7,  9.1,  2.0,  -7.7,  -14.6,  2.5,  9.4,  16.7,  33.3,  16.2,  9.0,  2.1,  -14.7,  8.2,  30.3,  51.4,  69.7,  84.9,  95.8,  102.1,  103.0,  101.9,  96.3,  86.0,  70.4,  50.6,  29.6,  8.0,  -14.1,  -29.1,  -38.9,  -41.8,  -40.2,  -35.9,  -36.3,  -41.0,  -42.5,  -40.2,  -32.0,  -16.1,  -3.1,  9.5,  22.1,  31.1,  33.5,  35.5,  33.1,  30.7,  -11.7,  -16.7,  -16.5,  -10.7,  -7.7,  -7.5,  -11.2,  -17.4,  -17.4,  -12.9,  -8.6,  -8.3,  56.0,  51.1,  48.6,  50.1,  48.3,  50.8,  54.9,  60.2,  61.8,  62.4,  62.2,  61.0,  56.1,  54.5,  55.1,  54.0,  55.1,  53.6,  54.3,  54.1,  419.2,  419.6,  419.9,  418.9,  415.2,  409.2,  400.2,  388.0,  384.0,  389.6,  402.2,  411.4,  414.0,  412.3,  411.7,  411.5,  413.0,  388.7,  380.9,  371.7,  363.4,  356.4,  354.6,  360.7,  367.0,  374.4,  382.9,  360.6,  355.5,  349.9,  345.2,  361.8,  358.8,  356.4,  357.9,  360.2,  381.4,  377.0,  374.8,  373.5,  374.1,  376.4,  371.7,  372.9,  374.1,  377.9,  373.7,  372.3,  379.5,  368.1,  362.1,  361.2,  360.9,  366.9,  378.3,  365.5,  358.3,  357.7,  359.1,  366.2,  376.7,  363.6,  362.6,  362.6,  374.6,  360.5,  359.5,  361.2, 0.19, 0.08, 0.13, 0.00, 0.00, 0.00, 0.00, 0.00, 0.00, 0.00, 0.17, 0.21, 0.24, 0.00, 0.10, 0.20, 0.36, 0.00, 0.00, 0.00, 0.00, 0.00, 0.00, 0.00, 0.00, 0.00, 1.00, 0.00, 0.00, 0.00, 1.00, 0.00, 0.00, 0.00, 1.00
14,  0,  0.433,  0.98,  1,  9.7,  29.4,  372.4,  0.075,  0.028,  -0.006,  237.1,  239.7,  244.2,  249.7,  259.0,  273.8,  290.8,  311.7,  334.2,  355.0,  373.6,  390.8,  405.1,  414.6,  420.0,  424.8,  428.3,  247.3,  258.7,  276.1,  294.6,  312.3,  354.0,  372.4,  389.9,  406.7,  418.4,  333.5,  333.9,  334.2,  334.6,  313.7,  323.8,  334.1,  344.4,  353.8,  270.5,  281.5,  295.8,  307.0,  295.0,  280.9,  359.3,  370.9,  384.9,  395.6,  386.3,  372.7,  295.6,  311.4,  324.6,  333.7,  343.4,  356.7,  370.7,  356.9,  343.9,  333.5,  323.8,  310.5,  301.5,  324.2,  333.6,  343.5,  365.0,  343.1,  333.3,  323.8,  226.9,  253.7,  279.3,  304.2,  326.9,  347.1,  363.9,  376.8,  379.7,  375.9,  363.9,  348.1,  328.5,  304.9,  279.1,  252.5,  225.1,  209.7,  196.4,  191.8,  193.1,  198.2,  197.2,  191.0,  189.5,  193.4,  204.7,  225.5,  244.0,  262.6,  281.5,  290.8,  294.8,  298.0,  294.4,  290.6,  231.3,  224.5,  224.7,  232.5,  236.8,  237.0,  231.5,  222.9,  222.8,  228.8,  234.8,  235.3,  319.8,  316.8,  315.1,  317.4,  314.9,  316.6,  318.4,  329.3,  333.4,  334.5,  333.8,  329.9,  320.8,  322.6,  323.6,  322.1,  319.8,  321.5,  322.9,  322.0,  -69.1,  -67.1,  -63.6,  -58.9,  -50.8,  -38.1,  -23.6,  -6.5,  11.0,  27.6,  43.6,  58.8,  71.1,  78.6,  82.9,  86.5,  89.4,  -56.1,  -46.2,  -32.3,  -18.3,  -5.4,  23.9,  37.5,  50.8,  64.4,  75.0,  9.7,  9.8,  9.9,  10.1,  -4.5,  2.7,  10.1,  17.5,  24.4,  -37.6,  -28.9,  -18.1,  -9.7,  -18.6,  -29.3,  29.0,  37.8,  48.4,  56.9,  49.4,  39.1,  -18.6,  -6.4,  3.4,  9.9,  17.0,  27.1,  38.6,  27.2,  17.3,  9.7,  2.7,  -7.0,  -14.0,  3.1,  9.9,  17.2,  33.9,  16.7,  9.6,  2.8,  -10.9,  11.4,  33.0,  53.8,  72.4,  88.2,  100.1,  107.5,  108.8,  107.3,  100.9,  89.8,  73.9,  53.9,  32.4,  10.3,  -12.3,  -23.4,  -32.9,  -35.4,  -33.7,  -29.5,  -30.1,  -35.0,  -36.7,  -34.7,  -26.9,  -10.4,  2.9,  15.8,  28.6,  36.8,  39.4,  41.5,  39.0,  36.5,  -6.6,  -11.6,  -11.4,  -5.5,  -2.4,  -2.2,  -6.3,  -12.7,  -12.8,  -8.5,  -3.9,  -3.5,  61.0,  56.9,  54.7,  56.3,  54.4,  56.6,  59.7,  65.7,  67.4,  68.1,  67.9,  66.3,  61.3,  60.5,  61.1,  59.9,  60.2,  59.1,  60.0,  59.6,  416.6,  418.0,  419.2,  419.2,  416.6,  411.9,  404.2,  392.9,  389.3,  394.8,  407.0,  415.5,  417.7,  415.4,  414.1,  412.7,  412.9,  386.0,  377.3,  367.8,  359.6,  352.8,  351.3,  357.3,  363.8,  371.5,  380.8,  358.2,  353.8,  348.9,  345.0,  362.1,  359.4,  357.3,  358.8,  361.0,  379.3,  374.8,  372.7,  371.7,  372.4,  374.6,  369.9,  370.9,  372.3,  376.5,  372.4,  370.8,  381.8,  370.5,  364.5,  363.7,  363.2,  369.5,  381.0,  368.2,  361.1,  360.5,  361.9,  368.9,  379.1,  366.2,  365.3,  365.1,  377.2,  362.7,  361.8,  363.5, 0.25, 0.02, 0.08, 0.00, 0.00, 0.00, 0.00, 0.00, 0.02, 0.00, 0.22, 0.42, 0.10, 0.06, 0.04, 0.28, 0.38, 0.00, 0.00, 0.00, 0.00, 0.00, 0.00, 0.00, 0.00, 0.00, 1.00, 0.00, 0.00, 0.00, 1.00, 0.00, 0.00, 0.00, 1.00
15,  0,  0.467,  0.98,  1,  9.9,  33.3,  373.0,  0.110,  0.019,  -0.006,  236.8,  239.6,  244.3,  249.9,  259.1,  273.7,  290.8,  311.9,  334.3,  354.7,  372.9,  389.9,  404.4,  414.2,  419.9,  424.9,  428.4,  246.9,  258.7,  276.3,  294.9,  312.8,  354.4,  372.7,  390.1,  407.0,  418.9,  333.9,  334.5,  335.0,  335.5,  314.2,  324.4,  334.8,  345.1,  354.4,  270.3,  281.5,  296.1,  307.5,  295.3,  280.8,  359.5,  371.3,  385.5,  396.2,  387.1,  373.2,  295.8,  311.9,  325.1,  334.1,  343.9,  357.0,  371.0,  357.3,  344.4,  334.0,  324.3,  311.0,  301.8,  324.7,  334.0,  343.9,  365.3,  343.5,  333.7,  324.3,  230.5,  257.0,  282.2,  306.8,  329.2,  349.4,  366.6,  380.2,  383.3,  379.4,  367.3,  351.2,  331.5,  307.9,  281.9,  255.2,  227.4,  214.5,  201.7,  197.8,  199.4,  204.8,  203.8,  197.1,  195.2,  198.5,  209.4,  231.6,  250.5,  269.5,  288.7,  297.0,  301.1,  304.4,  300.7,  296.8,  236.2,  229.3,  229.7,  238.2,  242.3,  242.5,  237.2,  227.8,  227.5,  233.6,  240.1,  240.9,  324.4,  322.3,  321.0,  323.3,  320.9,  322.1,  323.0,  334.2,  338.4,  339.5,  338.7,  334.6,  325.5,  328.0,  329.2,  327.6,  324.6,  327.0,  328.3,  327.2,  -69.0,  -67.0,  -63.3,  -58.6,  -50.8,  -38.3,  -23.8,  -6.4,  11.2,  27.6,  43.3,  58.4,  70.9,  78.7,  83.2,  86.9,  89.6,  -56.0,  -45.9,  -31.9,  -17.9,  -5.1,  23.9,  37.4,  50.6,  64.2,  75.0,  9.9,  10.2,  10.4,  10.7,  -4.2,  3.2,  10.6,  18.0,  24.9,  -37.5,  -28.7,  -17.8,  -9.3,  -18.3,  -29.2,  29.1,  37.9,  48.6,  57.2,  49.8,  39.3,  -18.5,  -6.0,  3.7,  10.3,  17.4,  27.4,  39.0,  27.5,  17.7,  10.1,  3.1,  -6.6,  -13.9,  3.4,  10.3,  17.5,  34.3,  17.1,  10.0,  3.1,  -7.9,  14.1,  35.3,  55.8,  74.3,  90.4,  103.0,  111.0,  112.4,  110.8,  104.3,  93.0,  76.9,  56.7,  34.9,  12.6,  -10.4,  -19.6,  -28.7,  -30.8,  -28.9,  -24.6,  -25.2,  -30.4,  -32.3,  -30.6,  -23.2,  -6.0,  7.4,  20.5,  33.6,  41.3,  43.9,  46.1,  43.5,  41.0,  -2.9,  -8.0,  -7.7,  -1.4,  1.7,  1.9,  -2.1,  -9.0,  -9.3,  -4.8,  0.1,  0.6,  64.6,  61.1,  59.2,  60.8,  58.9,  60.9,  63.5,  69.6,  71.3,  71.9,  71.6,  70.0,  65.0,  64.6,  65.4,  64.2,  64.1,  63.2,  64.0,  63.6,  414.7,  416.2,  417.6,  418.1,  416.6,  413.3,  406.9,  396.1,  392.3,  397.5,  409.7,  418.1,  420.2,  417.7,  416.2,  414.3,  413.7,  383.3,  374.2,  364.5,  356.2,  349.5,  348.2,  354.2,  360.9,  369.1,  379.2,  356.1,  352.2,  347.9,  344.5,  362.1,  359.5,  357.4,  358.9,  361.0,  377.7,  372.9,  370.8,  370.0,  370.8,  373.1,  368.3,  369.2,  370.8,  375.4,  371.2,  369.5,  382.9,  371.6,  365.6,  364.8,  364.3,  370.7,  382.4,  369.4,  362.1,  361.6,  363.0,  370.1,  380.2,  367.3,  366.4,  366.2,  378.6,  363.6,  362.8,  364.5, 0.25, 0.00, 0.05, 0.01, 0.00, 0.00, 0.01, 0.00, 0.05, 0.00, 0.18, 0.64, 0.05, 0.17, 0.00, 0.43, 0.24, 0.00, 0.00, 0.00, 1.00, 0.00, 0.00, 0.00, 0.00, 0.00, 1.00, 0.00, 1.00, 0.00, 1.00, 0.00, 0.00, 0.00, 1.00
16,  0,  0.500,  0.98,  1,  10.2,  36.4,  373.5,  0.142,  0.009,  -0.007,  236.6,  239.4,  244.2,  249.8,  259.0,  273.4,  290.6,  311.8,  334.4,  354.9,  372.9,  389.8,  404.4,  414.3,  420.0,  424.9,  428.3,  246.9,  258.6,  276.3,  295.0,  313.0,  355.2,  373.4,  390.7,  407.3,  419.1,  334.3,  335.0,  335.6,  336.2,  314.9,  325.1,  335.5,  345.7,  355.0,  270.1,  281.3,  295.9,  307.4,  295.2,  280.8,  360.1,  371.8,  386.0,  396.7,  387.6,  373.8,  296.8,  312.8,  325.8,  334.8,  344.5,  357.5,  371.1,  357.8,  345.2,  334.9,  325.3,  312.1,  302.8,  325.4,  334.7,  344.6,  365.6,  344.2,  334.5,  325.1,  233.5,  259.7,  284.6,  308.8,  331.0,  351.2,  368.6,  382.8,  386.2,  382.2,  369.5,  353.1,  333.3,  309.8,  283.9,  257.3,  229.7,  218.7,  206.4,  202.9,  204.7,  210.2,  209.0,  202.2,  199.9,  202.8,  213.0,  236.7,  256.0,  275.3,  294.8,  302.0,  306.3,  309.7,  305.8,  301.7,  240.5,  233.8,  234.1,  242.6,  246.8,  246.9,  241.5,  232.1,  231.6,  237.4,  244.2,  245.1,  328.5,  326.9,  325.8,  328.1,  325.8,  326.6,  326.9,  338.4,  343.0,  344.0,  343.2,  338.9,  329.8,  332.8,  333.9,  332.4,  328.7,  331.5,  332.9,  331.8,  -68.7,  -66.7,  -63.1,  -58.6,  -50.9,  -38.6,  -24.0,  -6.5,  11.3,  27.9,  43.6,  58.7,  71.3,  79.1,  83.4,  87.0,  89.5,  -55.7,  -45.6,  -31.6,  -17.7,  -4.9,  24.3,  37.6,  50.7,  64.1,  74.8,  10.1,  10.5,  10.8,  11.2,  -3.7,  3.7,  11.1,  18.5,  25.3,  -37.5,  -28.7,  -17.8,  -9.3,  -18.3,  -29.1,  29.5,  38.1,  48.8,  57.4,  50.1,  39.6,  -17.8,  -5.3,  4.3,  10.8,  17.9,  27.8,  39.2,  28.1,  18.3,  10.8,  3.8,  -5.9,  -13.1,  4.0,  10.8,  18.1,  34.6,  17.7,  10.6,  3.7,  -5.3,  16.3,  37.1,  57.5,  75.9,  92.2,  105.1,  113.8,  115.5,  113.8,  106.8,  95.1,  78.8,  58.5,  36.7,  14.4,  -8.5,  -16.2,  -24.9,  -26.9,  -24.9,  -20.7,  -21.4,  -26.6,  -28.7,  -27.3,  -20.4,  -2.4,  11.2,  24.5,  37.7,  44.9,  47.7,  49.9,  47.3,  44.6,  0.4,  -4.6,  -4.3,  1.9,  5.0,  5.2,  1.1,  -5.8,  -6.2,  -1.9,  3.1,  3.7,  67.8,  64.7,  62.9,  64.5,  62.7,  64.4,  66.6,  73.0,  74.9,  75.6,  75.2,  73.4,  68.3,  68.3,  69.1,  67.9,  67.3,  66.8,  67.6,  67.1,  411.6,  414.0,  416.2,  417.5,  416.9,  414.2,  408.5,  398.3,  394.8,  400.2,  412.2,  420.6,  422.4,  419.5,  417.3,  414.6,  413.2,  380.7,  371.3,  361.7,  353.4,  346.8,  346.0,  352.0,  358.7,  366.9,  377.3,  354.5,  351.2,  347.4,  344.5,  362.2,  359.7,  357.8,  359.1,  361.2,  375.9,  370.8,  368.8,  368.4,  369.3,  371.5,  367.0,  367.8,  369.4,  374.3,  370.2,  368.5,  383.1,  372.2,  366.5,  365.8,  365.3,  371.8,  383.2,  370.8,  363.7,  363.2,  364.5,  371.0,  380.4,  368.3,  367.6,  367.3,  379.4,  364.8,  364.0,  365.6, 0.29, 0.05, 0.00, 0.01, 0.00, 0.00, 0.01, 0.00, 0.09, 0.01, 0.15, 0.89, 0.02, 0.28, 0.00, 0.46, 0.14, 0.00, 0.00, 0.00, 1.00, 0.00, 0.00, 0.00, 0.00, 0.00, 1.00, 0.00, 1.00, 0.00, 1.00, 0.00, 0.00, 0.00, 1.00
17,  0,  0.533,  0.98,  1,  10.4,  39.6,  374.9,  0.183,  0.005,  -0.009,  236.2,  239.2,  244.0,  249.5,  258.3,  272.6,  289.9,  311.4,  334.2,  355.0,  373.1,  390.2,  404.7,  414.5,  420.1,  425.0,  428.5,  246.8,  258.4,  276.1,  295.1,  313.2,  355.5,  373.7,  390.8,  407.4,  419.1,  334.6,  335.3,  336.0,  336.6,  315.2,  325.4,  335.7,  346.0,  355.2,  270.5,  281.6,  296.3,  307.6,  295.6,  281.1,  360.5,  372.0,  386.1,  396.7,  387.8,  374.0,  296.9,  313.0,  326.0,  335.0,  344.7,  357.5,  371.0,  357.9,  345.4,  335.0,  325.4,  312.2,  302.9,  325.6,  334.9,  344.8,  365.6,  344.4,  334.7,  325.3,  236.4,  262.3,  286.7,  310.6,  332.7,  352.9,  370.5,  385.2,  388.8,  384.4,  371.0,  354.1,  334.1,  310.9,  285.3,  259.1,  231.6,  223.1,  211.2,  208.0,  210.2,  215.9,  214.6,  207.5,  205.0,  207.5,  217.0,  241.9,  261.5,  281.1,  300.8,  306.9,  311.3,  314.9,  310.9,  306.7,  244.7,  238.1,  238.5,  247.2,  251.4,  251.3,  245.9,  236.2,  235.6,  241.3,  248.3,  249.3,  332.3,  331.2,  330.5,  332.8,  330.5,  330.8,  330.5,  342.4,  347.3,  348.4,  347.5,  343.1,  333.6,  337.2,  338.4,  336.9,  332.5,  336.0,  337.5,  336.3,  -68.7,  -66.7,  -63.2,  -59.0,  -51.6,  -39.5,  -24.8,  -6.9,  11.3,  28.2,  44.1,  59.3,  71.8,  79.5,  83.7,  87.0,  89.4,  -55.5,  -45.4,  -31.5,  -17.5,  -4.7,  24.5,  37.6,  50.5,  63.8,  74.4,  10.3,  10.8,  11.1,  11.5,  -3.5,  3.9,  11.3,  18.7,  25.5,  -37.0,  -28.3,  -17.4,  -9.1,  -18.0,  -28.8,  29.6,  38.1,  48.7,  57.3,  50.1,  39.7,  -17.8,  -5.2,  4.4,  11.1,  18.2,  28.0,  39.3,  28.3,  18.6,  11.0,  4.0,  -5.8,  -13.1,  4.1,  11.0,  18.3,  34.8,  17.9,  10.8,  3.9,  -3.0,  18.4,  38.9,  59.1,  77.6,  94.1,  107.4,  116.7,  118.5,  116.5,  108.7,  96.4,  79.9,  59.6,  37.9,  15.8,  -6.9,  -12.8,  -21.2,  -23.0,  -20.9,  -16.6,  -17.5,  -22.8,  -25.0,  -23.7,  -17.3,  1.4,  15.1,  28.6,  42.1,  48.7,  51.6,  53.9,  51.2,  48.4,  3.5,  -1.4,  -1.1,  5.3,  8.4,  8.4,  4.3,  -2.8,  -3.2,  1.0,  6.1,  6.9,  71.1,  68.3,  66.8,  68.4,  66.5,  68.0,  69.7,  76.5,  78.6,  79.3,  79.0,  77.0,  71.6,  72.1,  72.9,  71.7,  70.6,  70.5,  71.5,  70.9,  409.9,  413.2,  416.1,  418.2,  418.4,  416.6,  411.5,  401.7,  398.0,  403.2,  414.8,  422.7,  424.1,  420.7,  417.9,  414.4,  412.1,  378.8,  368.9,  359.3,  351.2,  344.9,  344.7,  350.3,  356.7,  364.7,  375.2,  353.6,  351.1,  348.1,  346.1,  363.7,  361.4,  359.7,  360.8,  362.6,  374.3,  369.1,  367.1,  367.2,  368.1,  370.2,  366.2,  366.4,  368.0,  373.2,  369.5,  367.7,  384.9,  374.6,  369.0,  368.4,  367.8,  374.2,  385.3,  373.4,  366.4,  366.0,  367.3,  373.5,  382.4,  370.9,  370.2,  369.9,  381.6,  367.2,  366.5,  368.0, 0.17, 0.05, 0.00, 0.01, 0.00, 0.00, 0.07, 0.00, 0.19, 0.19, 0.15, 1.08, 0.02, 0.32, 0.00, 0.31, 0.08, 0.00, 0.00, 0.00, 1.00, 0.00, 0.00, 0.00, 0.00, 0.00, 1.00, 0.00, 1.00, 0.00, 1.00, 0.00, 0.00, 0.00, 0.00
18,  0,  0.567,  0.98,  1,  10.3,  42.4,  374.8,  0.221,  0.008,  -0.012,  235.8,  238.9,  243.7,  249.2,  257.9,  272.2,  289.7,  311.2,  334.3,  355.6,  374.1,  391.2,  405.5,  415.0,  420.4,  425.1,  428.5,  246.5,  258.3,  276.0,  295.0,  313.2,  355.6,  373.9,  391.1,  407.6,  419.1,  334.8,  335.4,  335.9,  336.5,  315.0,  325.2,  335.6,  345.9,  355.1,  270.1,  281.2,  296.0,  307.2,  295.2,  280.6,  360.6,  372.1,  386.4,  397.0,  388.0,  374.1,  296.5,  312.7,  325.8,  334.7,  344.4,  357.2,  370.9,  357.5,  344.9,  334.6,  325.1,  311.9,  302.4,  325.4,  334.7,  344.5,  365.5,  344.1,  334.4,  325.1,  238.4,  264.4,  288.8,  312.7,  334.5,  354.5,  371.8,  386.7,  390.4,  385.5,  371.3,  353.9,  333.9,  311.0,  286.2,  260.8,  233.9,  227.0,  215.8,  212.9,  215.5,  221.5,  220.0,  212.9,  210.2,  212.3,  221.3,  246.8,  266.6,  286.6,  306.5,  311.6,  316.1,  319.7,  315.8,  311.5,  248.4,  241.8,  242.5,  251.4,  255.4,  255.3,  250.1,  240.2,  239.5,  245.2,  252.3,  253.4,  335.4,  335.0,  334.8,  337.1,  334.7,  334.7,  333.6,  345.8,  351.1,  352.2,  351.3,  346.5,  336.8,  341.2,  342.5,  340.9,  335.8,  340.0,  341.5,  340.3,  -68.9,  -67.0,  -63.6,  -59.4,  -52.1,  -40.0,  -25.0,  -7.1,  11.5,  28.8,  45.0,  60.4,  72.6,  79.9,  83.7,  86.8,  89.0,  -55.4,  -45.2,  -31.3,  -17.4,  -4.6,  24.3,  37.5,  50.3,  63.4,  73.8,  10.4,  10.7,  11.0,  11.4,  -3.6,  3.8,  11.2,  18.7,  25.4,  -37.2,  -28.4,  -17.5,  -9.3,  -18.2,  -29.0,  29.6,  38.0,  48.6,  57.1,  50.0,  39.6,  -18.1,  -5.5,  4.3,  10.9,  18.0,  27.9,  39.3,  28.1,  18.3,  10.7,  3.7,  -6.1,  -13.5,  4.0,  10.9,  18.2,  34.8,  17.7,  10.6,  3.7,  -1.3,  20.1,  40.7,  60.9,  79.4,  95.8,  109.0,  118.4,  120.2,  117.8,  109.3,  96.5,  79.7,  59.7,  38.5,  17.1,  -5.0,  -9.8,  -17.7,  -19.3,  -17.1,  -12.6,  -13.7,  -18.8,  -21.1,  -20.0,  -13.9,  4.8,  18.6,  32.3,  45.9,  52.0,  54.9,  57.3,  54.6,  51.7,  6.2,  1.4,  1.8,  8.3,  11.3,  11.2,  7.4,  0.2,  -0.4,  3.9,  9.1,  9.8,  73.6,  71.3,  70.0,  71.7,  69.8,  71.0,  72.2,  79.2,  81.6,  82.3,  81.9,  79.8,  74.2,  75.2,  76.0,  74.8,  73.2,  73.6,  74.5,  73.9,  409.1,  413.1,  416.6,  419.2,  420.1,  418.6,  413.6,  403.6,  399.7,  404.8,  416.3,  423.6,  424.5,  420.3,  416.8,  413.0,  410.3,  376.5,  366.3,  356.6,  348.2,  341.8,  342.0,  347.4,  353.7,  361.7,  372.4,  351.3,  349.3,  346.9,  345.3,  363.3,  361.1,  359.4,  360.3,  361.9,  372.3,  366.8,  364.7,  365.1,  366.1,  368.3,  364.3,  364.1,  365.6,  371.1,  367.4,  365.8,  385.6,  375.3,  369.5,  369.0,  368.4,  374.9,  385.9,  374.3,  367.4,  366.9,  368.2,  374.5,  383.2,  371.5,  370.9,  370.6,  382.3,  367.8,  367.1,  368.7, 0.11, 0.05, 0.00, 0.06, 0.00, 0.00, 0.07, 0.00, 0.35, 0.30, 0.20, 1.13, 0.00, 0.28, 0.00, 0.19, 0.09, 0.00, 0.00, 0.00, 1.00, 0.00, 0.00, 0.00, 0.00, 0.00, 1.00, 0.00, 1.00, 0.00, 1.00, 0.00, 0.00, 0.00, 0.00
19,  0,  0.600,  0.98,  1,  10.2,  44.8,  376.0,  0.246,  0.005,  -0.013,  235.3,  238.6,  243.5,  248.9,  257.7,  272.0,  289.5,  310.9,  334.2,  355.6,  374.2,  391.4,  405.4,  414.7,  419.9,  424.6,  427.8,  246.3,  258.3,  276.0,  294.9,  313.2,  355.7,  373.9,  391.0,  407.4,  418.7,  334.9,  335.5,  336.0,  336.6,  315.0,  325.2,  335.6,  345.8,  354.9,  270.1,  281.3,  296.1,  307.2,  295.2,  280.6,  360.5,  372.0,  386.3,  396.8,  387.9,  374.0,  296.1,  312.5,  325.7,  334.6,  344.3,  357.0,  370.8,  357.3,  344.7,  334.4,  324.8,  311.5,  301.9,  325.3,  334.5,  344.4,  365.3,  343.9,  334.2,  324.9,  240.5,  266.2,  290.6,  314.4,  336.2,  356.1,  373.4,  388.6,  392.3,  387.1,  372.0,  354.2,  334.1,  311.7,  287.4,  262.6,  236.3,  230.5,  219.8,  217.2,  220.0,  226.2,  224.5,  217.3,  214.3,  216.2,  224.7,  250.9,  270.7,  290.8,  310.7,  315.3,  319.8,  323.5,  319.6,  315.3,  251.7,  245.2,  245.9,  255.0,  259.1,  258.8,  253.6,  243.4,  242.6,  248.3,  255.7,  256.9,  338.0,  338.1,  338.2,  340.5,  338.1,  337.7,  336.0,  348.4,  353.9,  355.1,  354.1,  349.3,  339.5,  344.5,  345.8,  344.2,  338.4,  343.0,  344.6,  343.3,  -69.3,  -67.4,  -63.9,  -59.8,  -52.5,  -40.4,  -25.4,  -7.4,  11.4,  29.0,  45.3,  60.7,  72.7,  79.7,  83.4,  86.4,  88.5,  -55.4,  -45.1,  -31.3,  -17.4,  -4.6,  24.4,  37.4,  50.2,  63.1,  73.5,  10.5,  10.8,  11.1,  11.5,  -3.6,  3.8,  11.2,  18.7,  25.4,  -37.1,  -28.4,  -17.4,  -9.3,  -18.1,  -29.0,  29.5,  37.8,  48.4,  57.0,  50.0,  39.5,  -18.5,  -5.7,  4.2,  10.8,  18.0,  27.9,  39.4,  28.1,  18.2,  10.6,  3.6,  -6.4,  -13.9,  3.9,  10.8,  18.2,  34.9,  17.7,  10.5,  3.6,  0.4,  21.7,  42.3,  62.5,  81.1,  97.7,  111.1,  120.8,  122.5,  119.8,  110.4,  97.1,  80.0,  60.3,  39.6,  18.7,  -3.0,  -7.1,  -14.8,  -16.2,  -13.9,  -9.4,  -10.6,  -15.8,  -18.1,  -17.2,  -11.4,  7.6,  21.5,  35.3,  48.9,  54.9,  57.9,  60.3,  57.6,  54.6,  8.7,  3.8,  4.3,  11.0,  14.0,  13.8,  9.9,  2.5,  1.9,  6.2,  11.5,  12.3,  76.0,  74.0,  72.9,  74.6,  72.7,  73.6,  74.5,  81.5,  84.1,  84.8,  84.4,  82.2,  76.6,  78.1,  78.9,  77.6,  75.6,  76.1,  77.1,  76.5,  409.4,  413.8,  417.6,  420.4,  421.7,  420.8,  416.3,  406.6,  402.4,  407.2,  418.2,  425.0,  425.4,  420.8,  417.2,  413.3,  410.5,  375.7,  365.2,  355.5,  347.2,  341.0,  341.5,  346.9,  353.2,  361.3,  372.2,  351.1,  349.5,  347.4,  346.2,  364.5,  362.4,  360.8,  361.5,  363.0,  371.8,  366.1,  364.1,  364.8,  365.8,  368.0,  364.4,  363.9,  365.5,  371.2,  367.6,  365.9,  387.5,  377.2,  371.4,  370.9,  370.3,  376.9,  388.0,  376.3,  369.2,  368.7,  370.0,  376.4,  385.2,  373.5,  372.9,  372.6,  384.3,  369.4,  368.7,  370.2, 0.00, 0.00, 0.00, 0.06, 0.00, 0.00, 0.14, 0.00, 0.49, 0.46, 0.17, 1.13, 0.00, 0.23, 0.00, 0.12, 0.09, 0.00, 0.00, 0.00, 1.00, 0.00, 0.00, 0.00, 0.00, 0.00, 1.00, 1.00, 1.00, 0.00, 1.00, 0.00, 0.00, 0.00, 0.00
20,  0,  0.633,  0.93,  1,  10.1,  45.9,  376.2,  0.260,  0.000,  -0.015,  234.7,  238.1,  243.1,  248.7,  257.8,  272.2,  289.7,  311.1,  334.2,  355.5,  373.8,  390.8,  404.8,  414.0,  419.4,  424.0,  427.1,  246.0,  258.1,  275.8,  294.6,  313.0,  355.5,  373.7,  390.7,  406.9,  418.1,  334.7,  335.4,  336.0,  336.7,  314.9,  325.1,  335.6,  345.9,  355.0,  270.0,  281.1,  295.8,  306.9,  295.0,  280.4,  360.1,  371.5,  385.6,  396.1,  387.3,  373.5,  295.9,  312.3,  325.5,  334.5,  344.3,  357.0,  370.5,  357.2,  344.6,  334.3,  324.6,  311.3,  301.7,  325.1,  334.4,  344.4,  365.2,  344.0,  334.1,  324.7,  241.2,  267.1,  291.6,  315.5,  337.4,  357.3,  374.6,  389.8,  393.5,  388.2,  372.9,  354.8,  334.6,  312.1,  287.8,  263.0,  236.6,  232.5,  222.0,  219.5,  222.3,  228.4,  226.7,  219.5,  216.5,  218.2,  226.4,  252.5,  272.6,  292.8,  313.0,  316.7,  321.5,  325.3,  321.3,  316.7,  253.0,  246.5,  247.2,  256.3,  260.2,  260.0,  254.8,  244.6,  243.8,  249.4,  256.7,  257.9,  338.9,  339.1,  339.4,  341.8,  339.4,  338.8,  336.9,  349.6,  355.3,  356.5,  355.5,  350.4,  340.4,  345.6,  346.9,  345.2,  339.3,  344.5,  346.1,  344.8,  -69.7,  -67.8,  -64.2,  -60.0,  -52.5,  -40.3,  -25.2,  -7.3,  11.5,  29.0,  45.1,  60.3,  72.2,  79.2,  82.9,  85.8,  87.8,  -55.4,  -45.1,  -31.3,  -17.6,  -4.8,  24.2,  37.2,  49.8,  62.7,  73.0,  10.3,  10.7,  11.1,  11.6,  -3.7,  3.7,  11.2,  18.7,  25.4,  -37.1,  -28.4,  -17.5,  -9.5,  -18.2,  -29.0,  29.2,  37.4,  47.9,  56.4,  49.4,  39.1,  -18.7,  -5.9,  4.1,  10.8,  18.1,  28.0,  39.3,  28.1,  18.3,  10.6,  3.4,  -6.6,  -14.1,  3.8,  10.8,  18.2,  34.8,  17.8,  10.5,  3.5,  1.0,  22.4,  43.1,  63.5,  82.2,  98.8,  112.3,  122.1,  123.9,  121.0,  111.4,  97.8,  80.6,  60.7,  39.9,  19.0,  -2.8,  -5.7,  -13.1,  -14.5,  -12.2,  -7.9,  -9.1,  -14.2,  -16.6,  -15.7,  -10.1,  8.7,  22.8,  36.7,  50.5,  56.0,  59.0,  61.5,  58.8,  55.7,  9.6,  4.7,  5.2,  11.8,  14.8,  14.7,  10.8,  3.4,  2.8,  7.0,  12.2,  13.1,  76.8,  74.9,  74.0,  75.7,  73.8,  74.6,  75.3,  82.7,  85.4,  86.2,  85.7,  83.3,  77.5,  79.0,  79.8,  78.6,  76.5,  77.4,  78.5,  77.8,  408.7,  413.6,  417.8,  420.9,  422.2,  421.4,  417.1,  407.5,  403.5,  408.3,  419.3,  425.8,  426.0,  421.2,  417.1,  412.8,  409.5,  374.7,  364.1,  354.5,  346.3,  340.1,  341.0,  346.5,  352.7,  360.8,  371.8,  350.4,  349.0,  347.2,  346.3,  364.7,  362.4,  360.8,  361.5,  363.0,  370.7,  365.1,  363.2,  364.0,  364.9,  367.0,  363.8,  363.2,  364.7,  370.4,  366.9,  365.3,  388.2,  378.0,  372.1,  371.7,  371.1,  377.7,  388.7,  377.3,  370.3,  369.8,  371.1,  377.4,  385.9,  374.2,  373.6,  373.4,  385.2,  370.5,  369.8,  371.3, 0.00, 0.00, 0.00, 0.06, 0.00, 0.00, 0.12, 0.00, 0.52, 0.42, 0.08, 1.08, 0.00, 0.26, 0.00, 0.15, 0.11, 0.00, 0.00, 0.00, 1.00, 0.00, 0.00, 0.00, 0.00, 0.00, 1.00, 1.00, 1.00, 0.00, 1.00, 0.00, 0.00, 0.00, 0.00
21,  0,  0.667,  0.93,  1,  9.9,  45.3,  375.4,  0.248,  -0.005,  -0.016,  234.2,  237.6,  242.9,  248.7,  257.9,  272.3,  289.9,  311.1,  334.0,  355.0,  373.0,  389.8,  403.9,  413.3,  418.7,  423.2,  426.3,  245.3,  257.4,  275.3,  294.2,  312.6,  355.2,  373.2,  390.3,  406.6,  417.7,  334.5,  335.3,  336.0,  336.8,  314.9,  325.1,  335.6,  345.8,  354.9,  269.5,  280.6,  295.7,  306.9,  294.8,  279.9,  359.6,  371.0,  385.4,  395.9,  387.3,  373.2,  295.7,  312.2,  325.5,  334.4,  344.2,  356.9,  370.3,  357.1,  344.6,  334.3,  324.6,  311.2,  301.5,  325.1,  334.4,  344.3,  365.0,  343.9,  334.1,  324.7,  241.5,  267.5,  292.1,  316.1,  337.9,  357.7,  374.9,  389.9,  393.5,  388.3,  373.1,  355.0,  334.7,  312.1,  287.5,  262.5,  236.0,  231.9,  221.0,  218.2,  220.9,  226.9,  225.1,  217.8,  214.8,  216.8,  225.5,  251.2,  271.5,  291.8,  312.0,  316.2,  320.9,  324.5,  320.6,  316.1,  252.1,  245.1,  245.8,  255.5,  259.5,  259.3,  253.9,  243.1,  242.1,  248.1,  255.7,  257.0,  338.5,  338.5,  338.6,  341.0,  338.6,  338.0,  336.2,  349.1,  354.9,  356.1,  355.1,  350.0,  340.0,  344.9,  346.1,  344.5,  338.7,  344.0,  345.6,  344.3,  -70.1,  -68.0,  -64.2,  -59.8,  -52.2,  -40.0,  -25.1,  -7.2,  11.3,  28.5,  44.3,  59.3,  71.3,  78.5,  82.3,  85.3,  87.2,  -55.9,  -45.5,  -31.7,  -17.8,  -5.0,  24.0,  36.9,  49.6,  62.5,  72.7,  10.2,  10.6,  11.1,  11.6,  -3.7,  3.7,  11.2,  18.6,  25.3,  -37.4,  -28.7,  -17.7,  -9.5,  -18.4,  -29.4,  28.8,  37.0,  47.7,  56.2,  49.4,  38.9,  -18.8,  -5.9,  4.1,  10.7,  17.9,  27.8,  39.0,  27.9,  18.1,  10.5,  3.4,  -6.6,  -14.2,  3.8,  10.7,  18.1,  34.6,  17.6,  10.4,  3.5,  1.2,  22.7,  43.4,  63.8,  82.3,  98.9,  112.3,  121.9,  123.5,  120.7,  111.2,  97.7,  80.5,  60.6,  39.7,  18.6,  -3.3,  -6.1,  -13.8,  -15.4,  -13.2,  -8.9,  -10.2,  -15.4,  -17.8,  -16.8,  -10.8,  7.8,  21.9,  35.9,  49.7,  55.5,  58.4,  60.8,  58.1,  55.1,  9.0,  3.7,  4.2,  11.3,  14.2,  14.1,  10.1,  2.2,  1.5,  6.0,  11.5,  12.4,  76.3,  74.2,  73.1,  74.8,  72.9,  73.8,  74.6,  82.1,  84.8,  85.6,  85.1,  82.7,  76.9,  78.2,  79.0,  77.8,  75.8,  76.8,  77.8,  77.2,  408.4,  412.9,  416.6,  419.2,  420.5,  419.9,  416.1,  406.6,  402.4,  407.0,  417.9,  424.6,  425.1,  420.7,  417.3,  413.3,  410.3,  374.1,  363.6,  354.1,  345.9,  339.9,  340.9,  346.3,  352.7,  361.0,  372.0,  350.1,  348.5,  346.4,  345.2,  363.7,  361.3,  359.7,  360.5,  362.1,  370.3,  364.5,  362.6,  363.5,  364.4,  366.5,  363.6,  363.0,  364.6,  370.5,  366.8,  365.1,  387.1,  376.8,  370.7,  370.3,  369.7,  376.5,  387.8,  376.2,  368.9,  368.5,  369.8,  376.0,  384.8,  372.9,  372.3,  372.1,  384.2,  369.3,  368.5,  370.0, 0.00, 0.00, 0.00, 0.04, 0.00, 0.00, 0.12, 0.00, 0.37, 0.37, 0.05, 1.26, 0.01, 0.40, 0.00, 0.25, 0.07, 0.00, 0.00, 0.00, 1.00, 0.00, 0.00, 0.00, 0.00, 0.00, 1.00, 1.00, 1.00, 0.00, 1.00, 0.00, 0.00, 0.00, 0.00
22,  0,  0.700,  0.98,  1,  9.4,  41.4,  374.3,  0.191,  -0.010,  -0.014,  233.2,  236.7,  241.9,  247.8,  257.1,  271.7,  289.4,  310.7,  333.4,  354.2,  372.2,  389.1,  403.1,  412.5,  417.9,  422.5,  425.5,  244.5,  256.7,  274.7,  293.7,  312.1,  354.3,  372.3,  389.3,  405.8,  417.1,  333.8,  334.6,  335.4,  336.2,  314.4,  324.6,  335.0,  345.1,  354.1,  268.7,  279.9,  295.0,  306.3,  294.2,  279.2,  358.9,  370.4,  384.8,  395.3,  386.6,  372.5,  295.3,  311.9,  325.3,  334.1,  343.6,  356.3,  369.9,  356.6,  344.2,  334.1,  324.6,  311.0,  301.2,  324.9,  334.0,  343.7,  364.5,  343.3,  333.8,  324.6,  239.0,  265.0,  289.9,  314.1,  336.0,  355.9,  372.8,  387.1,  390.3,  385.6,  371.3,  354.0,  334.0,  311.3,  286.5,  261.2,  234.4,  226.7,  215.3,  212.1,  214.3,  220.1,  218.2,  211.0,  208.4,  210.6,  219.9,  244.6,  264.6,  284.7,  304.7,  310.5,  314.8,  318.3,  314.4,  310.1,  246.8,  239.5,  240.0,  249.7,  253.8,  253.7,  247.8,  237.0,  236.2,  242.5,  249.8,  251.0,  334.4,  333.8,  333.3,  335.6,  333.0,  333.0,  331.9,  344.2,  349.6,  350.8,  350.0,  345.4,  335.8,  339.9,  341.0,  339.2,  334.2,  338.4,  340.0,  338.9,  -71.2,  -69.0,  -65.0,  -60.4,  -52.7,  -40.2,  -25.2,  -7.5,  10.7,  27.6,  43.3,  58.3,  70.5,  77.8,  81.9,  85.1,  87.2,  -56.9,  -46.4,  -32.4,  -18.4,  -5.4,  23.6,  36.6,  49.4,  62.6,  72.9,  9.7,  10.2,  10.6,  11.1,  -4.0,  3.3,  10.7,  18.1,  24.7,  -38.2,  -29.4,  -18.3,  -10.0,  -18.9,  -30.0,  28.5,  36.8,  47.6,  56.2,  49.2,  38.6,  -19.0,  -6.1,  3.9,  10.3,  17.4,  27.2,  38.5,  27.4,  17.7,  10.3,  3.4,  -6.7,  -14.4,  3.6,  10.4,  17.6,  34.0,  17.1,  10.1,  3.4,  -0.8,  20.7,  41.5,  62.0,  80.4,  96.6,  109.4,  118.2,  119.7,  117.3,  108.9,  96.3,  79.7,  60.0,  38.9,  17.6,  -4.6,  -10.0,  -18.1,  -19.9,  -17.9,  -13.7,  -15.0,  -20.3,  -22.6,  -21.4,  -15.1,  3.2,  17.2,  30.9,  44.6,  51.1,  53.9,  56.1,  53.5,  50.6,  5.1,  -0.4,  0.0,  7.1,  10.1,  10.1,  5.7,  -2.2,  -2.8,  1.9,  7.2,  8.1,  72.7,  70.2,  68.8,  70.3,  68.4,  69.6,  71.0,  77.9,  80.2,  81.0,  80.7,  78.7,  73.3,  74.0,  74.7,  73.4,  72.0,  72.2,  73.2,  72.7,  410.4,  413.8,  416.5,  418.3,  418.6,  416.9,  412.0,  402.0,  398.0,  402.9,  414.6,  422.3,  423.8,  420.6,  418.2,  415.3,  413.4,  376.7,  366.7,  357.4,  349.3,  343.2,  344.4,  350.2,  356.8,  364.9,  375.5,  352.2,  349.5,  346.3,  344.1,  362.3,  359.9,  358.2,  359.4,  361.3,  372.2,  366.8,  364.9,  365.5,  366.2,  368.2,  365.7,  365.7,  367.5,  373.1,  369.1,  367.2,  384.9,  374.5,  368.5,  368.0,  367.6,  374.4,  385.9,  373.6,  366.1,  365.6,  366.8,  373.3,  382.5,  370.5,  369.9,  369.9,  382.2,  366.8,  365.9,  367.4, 0.00, 0.00, 0.00, 0.14, 0.00, 0.00, 0.05, 0.00, 0.20, 0.19, 0.06, 1.32, 0.01, 0.56, 0.00, 0.23, 0.05, 0.00, 0.00, 0.00, 1.00, 0.00, 0.00, 0.00, 0.00, 0.00, 1.00, 0.00, 1.00, 0.00, 1.00, 0.00, 0.00, 0.00, 0.00
23,  0,  0.733,  0.98,  1,  9.0,  35.6,  373.2,  0.124,  -0.018,  -0.009,  232.5,  235.6,  240.7,  246.6,  256.1,  271.0,  288.9,  310.7,  333.0,  352.8,  370.0,  386.5,  401.1,  411.1,  416.9,  421.6,  424.8,  244.1,  256.0,  274.1,  293.2,  311.5,  353.6,  371.3,  388.2,  404.8,  416.4,  333.0,  334.0,  334.9,  335.8,  314.0,  324.3,  334.6,  344.8,  353.9,  268.3,  279.5,  294.5,  305.9,  293.8,  278.9,  358.6,  369.9,  384.3,  394.8,  386.1,  372.1,  294.9,  311.5,  325.0,  333.9,  343.5,  356.3,  369.9,  356.9,  344.4,  334.3,  324.7,  310.9,  301.0,  324.6,  333.8,  343.5,  364.4,  343.2,  333.7,  324.3,  234.8,  261.1,  286.0,  310.2,  332.4,  352.4,  369.3,  382.8,  385.7,  381.8,  369.5,  353.5,  333.9,  310.5,  284.5,  257.6,  229.7,  218.8,  206.0,  202.0,  203.7,  209.1,  207.5,  200.4,  198.1,  200.8,  211.3,  234.4,  254.1,  273.7,  293.5,  301.0,  305.1,  308.4,  304.4,  300.3,  238.5,  230.9,  231.2,  240.6,  244.8,  244.9,  239.0,  228.4,  227.7,  234.3,  241.2,  242.3,  327.6,  325.7,  324.5,  326.7,  324.2,  324.9,  325.3,  337.2,  341.9,  343.0,  342.3,  338.1,  328.7,  331.4,  332.4,  330.8,  327.2,  330.5,  331.9,  330.9,  -71.7,  -69.5,  -65.6,  -60.9,  -52.9,  -40.3,  -25.2,  -7.4,  10.2,  26.1,  41.0,  55.8,  68.5,  76.6,  81.2,  84.6,  86.9,  -57.6,  -47.4,  -33.2,  -19.0,  -5.9,  23.4,  36.4,  49.2,  62.5,  72.9,  9.2,  9.8,  10.4,  10.9,  -4.3,  3.1,  10.5,  17.8,  24.5,  -38.7,  -29.9,  -18.8,  -10.4,  -19.3,  -30.4,  28.4,  36.8,  47.6,  56.1,  49.1,  38.5,  -19.2,  -6.3,  3.7,  10.2,  17.2,  27.0,  38.3,  27.4,  17.8,  10.3,  3.4,  -6.8,  -14.5,  3.4,  10.2,  17.3,  33.8,  17.0,  10.0,  3.2,  -4.2,  17.4,  38.1,  58.3,  76.5,  92.4,  104.9,  113.0,  114.3,  112.8,  106.2,  95.2,  79.3,  59.3,  37.3,  14.7,  -8.6,  -16.0,  -25.2,  -27.4,  -25.7,  -21.5,  -22.7,  -28.1,  -30.3,  -28.9,  -21.7,  -4.0,  9.9,  23.4,  36.9,  44.1,  46.8,  48.9,  46.3,  43.6,  -1.1,  -6.8,  -6.5,  0.4,  3.5,  3.6,  -0.7,  -8.5,  -9.1,  -4.3,  0.9,  1.7,  67.0,  63.8,  61.9,  63.4,  61.5,  63.3,  65.5,  72.2,  74.1,  74.8,  74.5,  72.7,  67.4,  67.3,  67.9,  66.7,  66.3,  66.1,  66.9,  66.5,  409.9,  412.1,  413.9,  414.9,  414.1,  411.3,  405.6,  395.6,  392.2,  397.7,  410.2,  419.4,  422.4,  420.6,  418.9,  416.3,  414.6,  379.1,  370.1,  361.4,  353.9,  348.2,  348.9,  354.4,  360.7,  368.4,  378.1,  355.1,  351.6,  347.7,  344.6,  361.6,  359.1,  357.5,  359.1,  361.3,  374.3,  369.7,  368.0,  367.9,  368.5,  370.4,  367.7,  368.4,  370.3,  375.3,  371.3,  369.2,  382.4,  372.1,  366.4,  365.9,  365.6,  372.4,  383.8,  371.3,  363.7,  363.1,  364.2,  370.6,  380.0,  368.1,  367.5,  367.5,  380.0,  365.1,  364.1,  365.5, 0.08, 0.00, 0.00, 0.23, 0.00, 0.00, 0.00, 0.00, 0.04, 0.05, 0.06, 1.18, 0.02, 0.59, 0.00, 0.23, 0.00, 0.00, 0.00, 0.00, 1.00, 0.00, 0.00, 0.00, 0.00, 0.00, 1.00, 0.00, 1.00, 0.00, 1.00, 0.00, 0.00, 0.00, 0.00
24,  0,  0.767,  0.98,  1,  8.3,  28.8,  369.8,  0.044,  -0.020,  -0.010,  232.0,  234.9,  240.0,  245.9,  255.5,  270.5,  288.2,  310.0,  332.4,  352.0,  369.1,  385.4,  400.1,  410.2,  415.9,  420.5,  423.4,  243.1,  255.3,  273.2,  292.1,  310.1,  352.3,  369.9,  386.9,  403.5,  415.4,  331.7,  332.9,  333.9,  335.0,  313.0,  323.4,  333.9,  344.1,  353.4,  267.3,  278.6,  293.6,  305.3,  293.0,  278.1,  356.8,  368.3,  382.6,  393.4,  384.6,  370.6,  293.2,  310.2,  324.2,  333.4,  343.2,  356.4,  370.2,  357.1,  344.4,  333.9,  323.9,  309.6,  299.4,  323.7,  333.3,  343.3,  364.7,  343.0,  333.2,  323.5,  230.0,  256.8,  282.4,  307.1,  329.3,  348.9,  365.2,  377.3,  379.9,  376.7,  366.1,  351.1,  331.6,  307.5,  280.6,  252.8,  224.1,  209.9,  196.4,  191.8,  192.6,  197.2,  195.5,  188.8,  187.1,  190.6,  202.1,  223.5,  242.5,  261.4,  280.6,  290.5,  294.2,  297.2,  293.4,  289.6,  230.5,  222.6,  222.7,  231.6,  235.8,  236.3,  229.8,  219.6,  219.1,  225.8,  232.2,  233.1,  319.6,  316.3,  314.2,  316.3,  313.7,  315.4,  317.1,  328.5,  332.7,  333.8,  333.3,  329.5,  320.6,  321.5,  322.5,  320.8,  318.6,  321.0,  322.2,  321.4,  -72.3,  -70.0,  -65.8,  -60.9,  -52.8,  -40.1,  -25.3,  -7.7,  9.5,  25.0,  39.6,  54.2,  67.0,  75.3,  80.0,  83.6,  86.1,  -58.7,  -48.4,  -34.2,  -20.0,  -7.0,  22.7,  35.7,  48.8,  62.3,  72.9,  8.4,  9.1,  9.7,  10.3,  -5.0,  2.4,  9.9,  17.2,  24.0,  -39.7,  -30.8,  -19.6,  -10.9,  -20.0,  -31.1,  27.2,  35.8,  46.7,  55.4,  48.1,  37.5,  -20.3,  -7.2,  3.0,  9.7,  16.8,  26.8,  38.1,  27.2,  17.4,  9.9,  2.8,  -7.6,  -15.5,  2.7,  9.6,  16.9,  33.6,  16.6,  9.5,  2.5,  -8.2,  13.8,  34.9,  55.2,  73.0,  88.3,  99.8,  106.5,  107.5,  106.6,  101.8,  92.0,  76.6,  56.4,  33.9,  10.6,  -13.2,  -22.9,  -32.6,  -35.2,  -33.9,  -30.1,  -31.2,  -36.6,  -38.6,  -36.8,  -29.0,  -11.8,  1.7,  14.8,  27.8,  36.2,  38.6,  40.5,  38.0,  35.6,  -7.2,  -12.9,  -12.8,  -6.2,  -3.1,  -2.8,  -7.5,  -15.1,  -15.6,  -10.7,  -5.8,  -5.1,  60.3,  56.1,  53.7,  55.1,  53.2,  55.4,  58.6,  64.8,  66.4,  67.0,  66.8,  65.4,  60.6,  59.2,  59.8,  58.6,  59.1,  58.3,  59.0,  58.7,  410.9,  411.1,  411.3,  411.1,  409.1,  405.3,  398.5,  387.6,  384.2,  389.9,  403.5,  414.0,  418.0,  417.6,  417.3,  416.2,  416.5,  381.6,  373.7,  365.3,  357.7,  351.5,  351.4,  357.8,  364.7,  372.9,  382.2,  356.9,  352.1,  346.8,  342.4,  358.8,  356.1,  354.2,  356.3,  359.1,  376.1,  372.0,  370.4,  369.6,  369.8,  371.5,  369.0,  370.6,  372.6,  377.0,  372.4,  370.3,  378.6,  367.5,  361.6,  360.9,  360.7,  367.6,  379.7,  365.8,  357.7,  357.1,  358.3,  365.6,  376.0,  363.1,  362.2,  362.3,  375.9,  359.9,  358.9,  360.4, 0.10, 0.00, 0.00, 0.18, 0.00, 0.00, 0.00, 0.00, 0.00, 0.00, 0.06, 0.79, 0.02, 0.51, 0.00, 0.21, 0.00, 0.00, 0.00, 0.00, 1.00, 0.00, 0.00, 0.00, 0.00, 0.00, 1.00, 0.00, 1.00, 0.00, 1.00, 0.00, 0.00, 0.00, 0.00
25,  0,  0.800,  0.98,  1,  7.4,  22.6,  366.6,  -0.024,  -0.016,  -0.012,  231.1,  233.9,  238.9,  245.0,  254.9,  270.1,  287.8,  309.4,  331.8,  351.8,  369.2,  385.5,  399.8,  409.6,  415.0,  419.4,  422.0,  242.4,  254.3,  272.3,  291.2,  309.0,  350.6,  368.1,  385.1,  401.8,  413.6,  330.4,  331.5,  332.6,  333.6,  311.7,  322.1,  332.7,  343.0,  352.3,  266.3,  277.6,  292.2,  303.9,  291.7,  277.2,  355.6,  367.1,  381.2,  391.9,  383.0,  369.2,  292.5,  309.2,  323.2,  332.5,  342.3,  355.6,  369.3,  356.3,  343.6,  333.1,  323.1,  308.7,  298.7,  322.9,  332.5,  342.5,  363.7,  342.3,  332.4,  322.7,  225.2,  252.5,  278.8,  304.0,  326.3,  345.5,  360.8,  371.6,  373.7,  371.1,  361.5,  347.2,  327.9,  303.7,  276.8,  248.9,  220.6,  202.0,  187.6,  182.2,  182.6,  187.1,  185.5,  179.2,  177.9,  182.0,  194.3,  213.5,  232.0,  250.5,  269.3,  280.6,  284.1,  287.0,  283.2,  279.6,  222.1,  214.4,  214.2,  222.4,  226.5,  227.1,  220.8,  211.5,  211.2,  217.9,  223.5,  224.1,  312.2,  307.4,  304.5,  306.6,  304.0,  306.5,  309.7,  320.0,  323.8,  324.9,  324.5,  321.3,  312.9,  312.4,  313.2,  311.6,  310.9,  311.7,  312.9,  312.3,  -73.2,  -70.9,  -66.7,  -61.5,  -52.9,  -39.9,  -25.2,  -8.0,  8.9,  24.3,  39.1,  53.5,  66.0,  74.1,  78.7,  82.3,  84.8,  -59.6,  -49.5,  -35.2,  -20.9,  -7.8,  21.7,  34.8,  47.9,  61.4,  71.9,  7.5,  8.1,  8.7,  9.3,  -5.9,  1.5,  8.9,  16.3,  23.0,  -40.5,  -31.7,  -20.7,  -12.0,  -21.0,  -31.9,  26.3,  35.1,  45.8,  54.4,  47.0,  36.5,  -20.6,  -7.9,  2.3,  8.9,  15.9,  25.9,  37.0,  26.2,  16.7,  9.2,  2.2,  -8.2,  -15.8,  2.1,  8.9,  16.1,  32.4,  15.8,  8.8,  1.9,  -12.2,  10.3,  31.9,  52.4,  70.1,  84.4,  94.5,  99.9,  100.6,  100.3,  96.5,  87.6,  72.7,  52.7,  30.5,  7.4,  -16.1,  -29.2,  -39.5,  -42.7,  -41.5,  -37.6,  -38.6,  -43.9,  -45.7,  -43.6,  -35.1,  -19.0,  -5.6,  7.2,  20.0,  29.0,  31.2,  33.0,  30.6,  28.2,  -13.5,  -19.2,  -19.2,  -13.1,  -10.0,  -9.6,  -14.2,  -21.2,  -21.5,  -16.7,  -12.3,  -11.8,  54.0,  48.9,  46.1,  47.5,  45.7,  48.3,  52.3,  57.8,  59.2,  59.8,  59.7,  58.6,  54.1,  51.9,  52.4,  51.3,  52.6,  51.0,  51.7,  51.5,  412.1,  411.5,  411.0,  409.7,  406.0,  400.2,  391.3,  379.6,  376.3,  382.8,  397.1,  408.6,  413.4,  413.8,  414.1,  413.9,  415.4,  384.1,  377.1,  369.0,  361.5,  355.1,  354.7,  361.2,  368.0,  375.8,  384.2,  358.8,  352.7,  346.3,  340.6,  356.5,  353.5,  351.3,  353.7,  356.9,  377.3,  373.7,  372.0,  370.7,  370.8,  372.5,  370.2,  372.2,  374.0,  377.9,  373.2,  371.2,  374.1,  363.0,  357.3,  356.5,  356.7,  363.3,  375.1,  361.1,  353.2,  352.3,  353.5,  360.6,  371.3,  358.6,  357.8,  358.1,  371.2,  355.9,  354.7,  356.1, 0.15, 0.06, 0.00, 0.09, 0.00, 0.00, 0.00, 0.00, 0.00, 0.00, 0.01, 0.34, 0.10, 0.31, 0.01, 0.18, 0.05, 0.00, 0.00, 0.00, 1.00, 0.00, 0.00, 0.00, 0.00, 0.00, 1.00, 0.00, 1.00, 0.00, 1.00, 0.00, 0.00, 0.00, 0.00
26,  0,  0.833,  0.98,  1,  6.8,  17.9,  366.3,  -0.069,  -0.008,  -0.017,  230.7,  233.3,  238.3,  244.4,  254.5,  270.0,  287.8,  309.1,  331.3,  351.4,  369.4,  386.1,  400.4,  409.9,  414.9,  418.9,  421.3,  241.6,  253.8,  271.5,  290.1,  307.7,  349.4,  366.8,  383.6,  400.1,  411.9,  329.3,  330.2,  331.2,  332.1,  310.8,  321.1,  331.5,  341.7,  350.9,  265.4,  276.6,  291.3,  302.9,  290.7,  276.0,  354.3,  365.7,  380.0,  390.8,  381.9,  368.0,  291.8,  308.4,  322.4,  331.6,  341.4,  354.7,  368.6,  355.5,  342.7,  332.2,  322.2,  307.9,  297.9,  322.2,  331.7,  341.7,  362.9,  341.4,  331.6,  321.9,  221.2,  249.1,  276.1,  301.7,  324.0,  342.4,  356.2,  365.3,  366.8,  364.6,  355.9,  342.5,  323.7,  299.6,  273.1,  245.6,  217.8,  196.1,  181.4,  175.4,  175.2,  179.3,  177.5,  171.7,  170.9,  175.3,  188.1,  206.7,  224.3,  241.8,  259.7,  273.5,  276.5,  278.9,  275.5,  272.2,  217.0,  208.7,  208.6,  217.0,  221.2,  221.9,  215.1,  205.6,  205.2,  212.4,  217.9,  218.5,  306.6,  300.6,  297.1,  299.1,  296.4,  299.3,  303.5,  312.9,  316.2,  317.4,  317.2,  314.7,  306.9,  305.2,  305.9,  304.2,  304.4,  304.5,  305.7,  305.4,  -74.2,  -71.8,  -67.4,  -62.0,  -53.1,  -39.8,  -25.1,  -8.2,  8.4,  23.8,  38.8,  53.5,  65.9,  73.8,  78.3,  81.9,  84.5,  -60.7,  -50.5,  -36.2,  -21.9,  -8.9,  21.1,  34.2,  47.4,  60.9,  71.2,  6.8,  7.3,  7.8,  8.3,  -6.6,  0.8,  8.1,  15.4,  22.1,  -41.6,  -32.7,  -21.5,  -12.8,  -21.9,  -33.0,  25.6,  34.3,  45.2,  53.9,  46.5,  35.9,  -21.1,  -8.4,  1.7,  8.3,  15.2,  25.2,  36.4,  25.5,  16.0,  8.5,  1.6,  -8.7,  -16.4,  1.6,  8.3,  15.5,  31.8,  15.2,  8.2,  1.4,  -15.6,  7.5,  29.8,  50.6,  68.0,  81.6,  90.3,  94.4,  94.6,  94.4,  91.1,  83.0,  68.6,  49.0,  27.3,  4.7,  -18.5,  -34.0,  -44.7,  -48.3,  -47.5,  -43.7,  -44.9,  -50.0,  -51.5,  -49.1,  -40.2,  -24.2,  -11.2,  1.3,  13.5,  23.9,  25.8,  27.4,  25.2,  23.0,  -17.5,  -23.5,  -23.6,  -17.2,  -14.0,  -13.6,  -18.6,  -25.8,  -26.2,  -21.0,  -16.6,  -16.1,  49.7,  43.9,  40.7,  42.0,  40.2,  43.0,  47.5,  52.5,  53.7,  54.3,  54.4,  53.7,  49.6,  46.7,  47.0,  45.9,  47.7,  45.8,  46.5,  46.5,  415.5,  413.9,  412.2,  410.0,  405.3,  398.4,  388.9,  376.7,  372.9,  379.1,  393.1,  404.8,  409.8,  410.8,  412.4,  413.9,  416.9,  387.5,  381.4,  373.8,  366.3,  359.9,  359.3,  365.8,  372.4,  379.8,  387.3,  362.5,  355.8,  348.7,  342.3,  357.4,  354.3,  352.0,  354.3,  357.4,  380.2,  376.6,  374.8,  373.4,  373.3,  375.0,  373.0,  375.2,  376.9,  380.6,  375.6,  373.6,  373.3,  362.4,  356.7,  355.9,  356.2,  362.6,  374.1,  360.0,  351.9,  351.0,  352.2,  359.4,  370.6,  357.7,  356.8,  357.3,  370.3,  355.1,  353.8,  355.3, 0.10, 0.06, 0.00, 0.01, 0.00, 0.01, 0.00, 0.00, 0.00, 0.00, 0.01, 0.12, 0.12, 0.16, 0.02, 0.09, 0.07, 0.00, 0.00, 0.00, 1.00, 0.00, 0.00, 0.00, 0.00, 0.00, 1.00, 0.00, 0.00, 0.00, 1.00, 0.00, 0.00, 0.00, 0.00
27,  0,  0.867,  0.98,  1,  6.3,  15.2,  364.7,  -0.087,  0.001,  -0.019,  230.4,  233.1,  238.0,  244.3,  254.5,  270.1,  287.6,  308.4,  330.7,  351.4,  369.9,  386.8,  401.0,  410.1,  414.9,  418.6,  420.8,  241.2,  252.9,  270.5,  289.1,  306.6,  348.4,  365.8,  382.7,  399.1,  410.6,  328.5,  329.3,  330.2,  331.1,  310.0,  320.3,  330.6,  340.9,  350.0,  264.6,  275.7,  290.0,  301.6,  289.5,  275.3,  353.7,  365.1,  379.1,  389.9,  380.8,  367.1,  291.4,  307.7,  321.6,  330.8,  340.6,  354.0,  367.9,  354.6,  341.7,  331.2,  321.3,  307.1,  297.5,  321.5,  330.9,  340.9,  362.1,  340.6,  330.7,  321.1,  219.2,  247.2,  274.4,  300.0,  322.1,  340.1,  353.4,  362.3,  363.9,  361.8,  353.1,  339.8,  321.0,  296.9,  270.7,  243.6,  216.5,  193.1,  178.1,  171.7,  171.3,  175.4,  173.8,  168.2,  167.5,  172.2,  185.0,  202.7,  220.2,  237.5,  255.3,  269.3,  272.2,  274.7,  271.3,  267.9,  213.4,  205.4,  205.1,  212.8,  216.9,  217.7,  211.2,  202.5,  202.3,  209.2,  214.1,  214.5,  302.9,  296.6,  293.0,  295.0,  292.4,  295.5,  300.1,  309.3,  312.6,  313.7,  313.5,  310.9,  303.2,  301.3,  302.0,  300.4,  300.9,  300.6,  301.8,  301.5,  -74.6,  -72.1,  -67.7,  -62.2,  -53.0,  -39.6,  -25.0,  -8.7,  7.9,  23.6,  39.0,  53.8,  66.1,  73.7,  77.8,  81.2,  83.6,  -61.2,  -51.3,  -37.1,  -22.7,  -9.6,  20.4,  33.5,  46.7,  60.1,  70.1,  6.1,  6.6,  7.1,  7.5,  -7.1,  0.2,  7.4,  14.7,  21.4,  -42.1,  -33.4,  -22.5,  -13.8,  -22.8,  -33.5,  25.1,  33.8,  44.5,  53.0,  45.6,  35.2,  -21.2,  -8.9,  1.1,  7.6,  14.6,  24.5,  35.6,  24.8,  15.2,  7.8,  0.9,  -9.2,  -16.6,  1.0,  7.7,  14.8,  31.0,  14.6,  7.5,  0.8,  -17.3,  6.0,  28.4,  49.3,  66.5,  79.4,  87.5,  91.3,  91.6,  91.7,  88.4,  80.4,  66.0,  46.5,  25.1,  3.0,  -19.5,  -36.5,  -47.3,  -51.2,  -50.4,  -46.5,  -47.6,  -52.6,  -54.0,  -51.5,  -42.5,  -27.1,  -14.1,  -1.7,  10.4,  20.8,  22.7,  24.3,  22.0,  19.8,  -20.2,  -26.0,  -26.2,  -20.3,  -17.2,  -16.7,  -21.5,  -28.1,  -28.4,  -23.4,  -19.4,  -19.0,  46.7,  40.8,  37.6,  38.9,  37.1,  40.0,  44.6,  49.6,  50.8,  51.4,  51.4,  50.7,  46.6,  43.6,  44.0,  42.9,  44.8,  42.8,  43.5,  43.4,  416.4,  414.7,  413.1,  410.5,  404.7,  396.4,  385.6,  373.1,  369.7,  376.2,  390.8,  402.8,  407.8,  408.7,  410.1,  411.6,  414.6,  388.5,  382.6,  374.9,  367.2,  360.5,  359.8,  366.1,  372.6,  379.5,  386.6,  362.3,  355.1,  347.5,  340.7,  355.9,  352.7,  350.1,  352.4,  355.5,  380.2,  376.7,  374.8,  373.2,  373.2,  375.0,  372.7,  374.9,  376.3,  379.7,  374.8,  373.2,  371.0,  360.3,  354.6,  353.8,  354.2,  360.4,  371.6,  357.9,  350.2,  349.1,  350.2,  357.3,  368.3,  355.6,  354.8,  355.3,  367.9,  353.4,  352.0,  353.4, 0.09, 0.07, 0.00, 0.01, 0.00, 0.01, 0.00, 0.00, 0.00, 0.00, 0.00, 0.00, 0.13, 0.03, 0.05, 0.03, 0.07, 0.00, 0.00, 0.00, 1.00, 0.00, 0.00, 0.00, 0.00, 0.00, 1.00, 0.00, 0.00, 0.00, 1.00, 0.00, 0.00, 0.00, 0.00
28,  0,  0.900,  0.98,  1,  6.2,  15.2,  366.6,  -0.087,  0.004,  -0.021,  230.3,  233.0,  238.0,  244.2,  254.5,  270.1,  287.7,  308.8,  331.2,  351.8,  370.3,  387.3,  401.3,  410.1,  414.7,  418.3,  420.5,  241.0,  252.9,  270.4,  288.8,  306.3,  347.9,  365.4,  382.4,  398.8,  410.4,  328.1,  328.9,  329.7,  330.6,  310.0,  320.2,  330.3,  340.4,  349.5,  264.4,  275.5,  290.0,  301.5,  289.4,  274.9,  353.2,  364.5,  378.7,  389.5,  380.6,  366.7,  291.4,  307.6,  321.4,  330.6,  340.2,  353.7,  367.9,  354.4,  341.4,  331.0,  321.2,  307.1,  297.4,  321.3,  330.7,  340.6,  362.0,  340.3,  330.5,  321.0,  218.6,  246.4,  273.5,  299.1,  321.3,  339.5,  353.1,  362.2,  363.6,  361.3,  352.4,  338.9,  320.0,  296.0,  270.0,  243.0,  215.9,  193.2,  178.2,  171.8,  171.4,  175.5,  173.6,  167.9,  167.2,  172.0,  184.9,  203.1,  220.2,  237.1,  254.5,  269.4,  272.1,  274.5,  271.2,  267.9,  214.2,  205.9,  205.5,  213.7,  218.1,  218.9,  211.8,  202.5,  202.2,  209.5,  214.7,  215.2,  303.1,  296.6,  292.8,  294.8,  292.1,  295.2,  299.8,  308.9,  312.1,  313.3,  313.1,  310.8,  303.3,  301.3,  301.8,  300.1,  300.6,  300.4,  301.6,  301.4,  -75.1,  -72.5,  -68.0,  -62.4,  -53.2,  -39.7,  -25.1,  -8.4,  8.3,  24.0,  39.4,  54.3,  66.4,  73.7,  77.7,  81.1,  83.5,  -61.6,  -51.5,  -37.3,  -23.0,  -9.9,  20.2,  33.4,  46.7,  60.2,  70.3,  5.9,  6.4,  6.8,  7.3,  -7.2,  0.1,  7.3,  14.5,  21.1,  -42.5,  -33.7,  -22.6,  -13.9,  -23.0,  -34.0,  24.9,  33.6,  44.5,  53.1,  45.7,  35.0,  -21.4,  -9.0,  1.0,  7.5,  14.4,  24.5,  35.8,  24.8,  15.1,  7.7,  0.8,  -9.3,  -16.7,  1.0,  7.6,  14.7,  31.1,  14.4,  7.4,  0.7,  -17.9,  5.3,  27.8,  48.7,  66.0,  79.3,  87.8,  91.8,  91.9,  91.6,  88.1,  79.8,  65.3,  45.8,  24.6,  2.5,  -20.1,  -36.5,  -47.5,  -51.3,  -50.6,  -46.8,  -48.0,  -53.1,  -54.5,  -51.9,  -42.8,  -26.9,  -14.2,  -2.1,  10.0,  21.1,  22.8,  24.3,  22.1,  19.9,  -19.7,  -25.9,  -26.0,  -19.7,  -16.5,  -15.9,  -21.1,  -28.2,  -28.6,  -23.3,  -19.1,  -18.6,  47.1,  41.0,  37.7,  39.0,  37.1,  40.0,  44.7,  49.6,  50.7,  51.4,  51.5,  50.9,  46.9,  43.8,  44.1,  42.9,  44.8,  42.9,  43.6,  43.6,  418.6,  416.8,  414.9,  411.9,  406.2,  398.2,  388.2,  375.7,  371.8,  377.9,  391.7,  403.3,  408.0,  408.8,  410.5,  412.4,  415.7,  389.9,  384.2,  376.5,  369.0,  362.7,  361.6,  368.0,  374.4,  381.4,  388.6,  364.4,  357.4,  350.1,  343.4,  358.3,  355.2,  352.8,  354.9,  357.8,  382.1,  378.6,  376.8,  375.2,  375.1,  377.0,  374.7,  376.9,  378.4,  381.8,  376.9,  375.1,  373.2,  362.3,  356.6,  355.8,  356.2,  362.3,  373.6,  359.6,  351.7,  350.7,  351.8,  359.1,  370.5,  357.5,  356.7,  357.1,  369.8,  355.0,  353.7,  355.1, 0.08, 0.05, 0.00, 0.00, 0.00, 0.01, 0.00, 0.00, 0.00, 0.03, 0.00, 0.00, 0.16, 0.00, 0.09, 0.07, 0.05, 0.00, 0.00, 0.00, 1.00, 0.00, 0.00, 0.00, 0.00, 0.00, 1.00, 0.00, 0.00, 0.00, 1.00, 0.00, 0.00, 0.00, 0.00
29,  0,  0.933,  0.98,  1,  5.6,  17.3,  368.5,  -0.057,  0.013,  -0.022,  230.3,  233.1,  238.1,  244.2,  254.4,  269.8,  287.2,  307.9,  330.3,  351.1,  370.0,  387.1,  401.0,  409.7,  414.1,  417.8,  420.1,  240.7,  252.4,  269.7,  288.0,  305.4,  346.8,  364.5,  381.6,  398.1,  409.7,  327.2,  327.8,  328.5,  329.2,  308.8,  319.0,  329.1,  339.2,  348.3,  264.2,  275.1,  289.5,  300.9,  288.9,  274.6,  352.3,  363.6,  377.8,  388.6,  379.5,  365.7,  290.4,  306.4,  320.1,  329.3,  339.0,  352.6,  366.9,  353.2,  340.1,  329.5,  319.7,  305.8,  296.3,  320.0,  329.4,  339.4,  361.0,  339.0,  329.1,  319.6,  219.8,  247.5,  274.4,  299.9,  322.1,  340.5,  354.4,  363.9,  365.5,  362.8,  353.2,  339.1,  320.0,  296.1,  270.3,  243.8,  216.9,  195.9,  181.3,  175.0,  174.9,  179.1,  177.3,  171.5,  170.7,  175.3,  188.0,  206.6,  223.7,  240.7,  258.2,  272.6,  275.4,  277.8,  274.5,  271.2,  217.0,  209.0,  208.7,  216.8,  221.1,  221.8,  214.9,  205.8,  205.5,  212.5,  217.8,  218.4,  305.5,  299.6,  296.2,  298.2,  295.5,  298.3,  302.3,  311.7,  315.1,  316.3,  316.1,  313.6,  305.9,  304.4,  305.1,  303.4,  303.3,  303.5,  304.8,  304.4,  -75.5,  -72.9,  -68.4,  -62.9,  -53.8,  -40.4,  -25.8,  -9.2,  7.7,  23.8,  39.5,  54.6,  66.5,  73.6,  77.5,  80.8,  83.3,  -62.0,  -52.0,  -37.8,  -23.6,  -10.5,  19.3,  32.6,  45.9,  59.4,  69.6,  5.2,  5.6,  6.0,  6.3,  -8.0,  -0.7,  6.4,  13.7,  20.4,  -42.8,  -34.0,  -23.0,  -14.4,  -23.4,  -34.3,  24.2,  32.9,  43.7,  52.4,  44.8,  34.3,  -22.3,  -9.9,  0.1,  6.6,  13.6,  23.8,  35.2,  24.0,  14.2,  6.7,  -0.2,  -10.3,  -17.7,  0.0,  6.8,  14.0,  30.5,  13.6,  6.5,  -0.3,  -17.0,  6.3,  28.7,  49.8,  67.3,  80.9,  89.8,  94.2,  94.4,  93.8,  89.5,  80.6,  65.6,  46.0,  25.0,  3.1,  -19.2,  -34.5,  -45.2,  -48.9,  -48.0,  -44.0,  -45.2,  -50.2,  -51.7,  -49.2,  -40.3,  -24.3,  -11.6,  0.5,  12.5,  23.4,  25.3,  26.8,  24.6,  22.4,  -17.6,  -23.5,  -23.6,  -17.5,  -14.2,  -13.8,  -18.8,  -25.8,  -26.1,  -21.0,  -16.7,  -16.2,  49.3,  43.5,  40.4,  41.6,  39.7,  42.5,  46.9,  51.9,  53.2,  53.9,  54.0,  53.2,  49.2,  46.4,  46.7,  45.5,  47.1,  45.3,  46.1,  46.0,  420.9,  419.6,  418.0,  415.4,  410.1,  402.5,  392.5,  380.0,  376.0,  381.9,  395.5,  406.4,  410.4,  410.5,  411.7,  413.1,  416.2,  391.0,  384.5,  376.3,  368.4,  361.8,  360.4,  366.7,  373.3,  380.4,  388.0,  364.1,  357.5,  350.5,  344.1,  359.9,  356.8,  354.3,  356.3,  359.1,  383.1,  379.2,  377.2,  375.8,  375.8,  377.8,  374.8,  376.6,  378.0,  381.6,  376.8,  375.1,  376.1,  364.8,  358.8,  357.9,  358.1,  364.3,  375.9,  361.9,  354.0,  353.1,  354.4,  361.9,  373.4,  359.9,  359.0,  359.3,  372.1,  357.0,  355.8,  357.3, 0.11, 0.05, 0.00, 0.00, 0.00, 0.00, 0.00, 0.00, 0.01, 0.03, 0.05, 0.10, 0.17, 0.00, 0.08, 0.20, 0.08, 0.00, 0.00, 0.00, 1.00, 0.00, 0.00, 0.00, 0.00, 0.00, 1.00, 0.00, 0.00, 0.00, 1.00, 0.00, 0.00, 0.00, 0.00
30,  0,  0.967,  0.98,  1,  5.3,  21.1,  370.7,  -0.015,  0.012,  -0.022,  230.4,  233.3,  238.2,  244.1,  253.9,  269.0,  286.5,  307.5,  330.0,  350.8,  369.3,  386.3,  400.1,  408.8,  413.5,  417.3,  419.7,  240.5,  252.1,  269.3,  287.5,  305.0,  346.4,  364.1,  381.2,  397.8,  409.5,  326.8,  327.4,  328.1,  328.8,  308.2,  318.4,  328.6,  338.8,  347.9,  263.9,  274.8,  289.2,  300.6,  288.6,  274.3,  351.9,  363.3,  377.4,  388.2,  379.1,  365.4,  290.0,  305.9,  319.5,  328.6,  338.4,  351.8,  365.9,  352.3,  339.3,  328.8,  319.0,  305.2,  295.9,  319.3,  328.7,  338.7,  360.0,  338.3,  328.4,  318.9,  222.6,  250.0,  276.4,  301.7,  324.0,  343.1,  357.9,  368.2,  369.9,  366.5,  355.8,  340.9,  321.6,  297.8,  272.1,  245.8,  218.9,  200.9,  186.6,  180.8,  180.9,  185.3,  183.6,  177.7,  176.6,  180.8,  193.0,  212.6,  230.2,  247.7,  265.6,  278.5,  281.6,  284.2,  280.7,  277.1,  221.7,  213.9,  213.7,  221.9,  226.2,  226.8,  220.1,  210.8,  210.4,  217.2,  222.8,  223.5,  310.2,  304.9,  301.9,  303.9,  301.2,  303.6,  307.1,  317.0,  320.7,  321.9,  321.7,  318.8,  310.7,  309.9,  310.7,  309.0,  308.2,  308.9,  310.3,  309.9,  -75.4,  -72.9,  -68.6,  -63.4,  -54.7,  -41.5,  -26.7,  -9.7,  7.6,  23.8,  39.5,  54.4,  66.3,  73.4,  77.4,  80.7,  83.1,  -62.1,  -52.1,  -38.0,  -23.8,  -10.8,  18.9,  32.2,  45.5,  58.9,  69.2,  4.9,  5.3,  5.7,  6.1,  -8.5,  -1.2,  6.1,  13.4,  20.2,  -43.0,  -34.2,  -23.2,  -14.6,  -23.6,  -34.5,  23.8,  32.6,  43.3,  52.0,  44.5,  34.0,  -22.8,  -10.4,  -0.4,  6.2,  13.2,  23.3,  34.7,  23.5,  13.8,  6.3,  -0.7,  -10.8,  -18.1,  -0.5,  6.3,  13.5,  30.0,  13.1,  6.0,  -0.8,  -14.6,  8.4,  30.5,  51.5,  69.5,  84.0,  93.9,  98.9,  99.1,  97.9,  92.7,  82.9,  67.5,  47.8,  26.6,  4.8,  -17.6,  -30.5,  -40.9,  -44.3,  -43.3,  -39.3,  -40.4,  -45.4,  -47.1,  -44.8,  -36.3,  -19.9,  -7.0,  5.4,  17.7,  27.8,  29.8,  31.5,  29.2,  26.8,  -14.0,  -19.8,  -19.8,  -13.5,  -10.4,  -9.9,  -14.9,  -21.9,  -22.3,  -17.4,  -12.9,  -12.4,  53.2,  47.7,  44.7,  46.1,  44.1,  46.7,  50.8,  56.2,  57.6,  58.4,  58.4,  57.6,  53.2,  50.7,  51.1,  49.9,  51.1,  49.6,  50.4,  50.3,  420.7,  420.3,  419.6,  417.8,  413.7,  407.4,  398.2,  385.8,  381.5,  387.2,  400.2,  410.5,  414.0,  413.5,  413.9,  414.5,  416.7,  390.3,  383.2,  374.5,  366.5,  360.0,  358.6,  364.9,  371.4,  378.7,  386.7,  363.3,  357.3,  350.9,  345.3,  361.7,  358.6,  356.2,  358.0,  360.6,  382.8,  378.6,  376.6,  375.3,  375.6,  377.7,  374.3,  375.8,  377.2,  381.0,  376.4,  374.8,  379.0,  367.5,  361.4,  360.5,  360.5,  366.8,  378.5,  364.8,  357.1,  356.3,  357.7,  365.1,  376.3,  362.7,  361.8,  361.9,  374.7,  359.7,  358.6,  360.2, 0.12, 0.04, 0.00, 0.00, 0.00, 0.00, 0.00, 0.00, 0.06, 0.03, 0.05, 0.22, 0.19, 0.09, 0.05, 0.28, 0.08, 0.00, 0.00, 0.00, 1.00, 0.00, 0.00, 0.00, 0.00, 0.00, 1.00, 0.00, 0.00, 0.00, 1.00, 0.00, 0.00, 0.00, 0.00
31,  0,  1.000,  0.98,  1,  5.2,  25.5,  371.4,  0.034,  0.014,  -0.022,  230.9,  233.7,  238.6,  244.5,  254.1,  269.0,  286.6,  307.8,  330.5,  351.2,  369.3,  385.7,  399.3,  408.0,  412.9,  417.0,  419.7,  240.8,  251.8,  269.0,  287.3,  304.9,  346.3,  364.1,  381.3,  397.9,  409.5,  326.5,  327.2,  327.8,  328.5,  307.9,  318.0,  328.4,  338.6,  347.8,  264.1,  275.0,  289.2,  300.7,  288.8,  274.6,  351.8,  363.5,  377.4,  388.1,  379.1,  365.4,  290.3,  306.0,  319.3,  328.4,  338.2,  351.4,  365.4,  352.0,  339.3,  328.9,  319.1,  305.5,  296.2,  319.2,  328.6,  338.5,  359.6,  338.2,  328.4,  318.9,  226.0,  253.0,  278.9,  303.8,  326.2,  345.8,  361.7,  373.1,  375.2,  371.3,  359.8,  344.2,  324.5,  300.7,  275.0,  248.7,  221.7,  206.6,  192.7,  187.4,  188.2,  193.0,  191.6,  185.4,  183.8,  187.6,  199.1,  219.3,  237.7,  256.0,  274.6,  285.3,  288.8,  291.7,  287.9,  284.0,  226.4,  219.2,  219.1,  227.2,  231.3,  231.8,  225.9,  216.8,  216.4,  222.7,  228.5,  229.2,  315.2,  311.3,  309.0,  311.1,  308.5,  310.3,  312.6,  323.0,  327.0,  328.2,  327.9,  324.6,  316.0,  316.4,  317.3,  315.6,  313.9,  315.4,  316.8,  316.2,  -74.8,  -72.5,  -68.4,  -63.3,  -54.8,  -41.9,  -26.8,  -9.5,  8.1,  24.4,  39.9,  54.5,  66.2,  73.3,  77.2,  80.5,  82.8,  -61.6,  -51.9,  -37.9,  -23.7,  -10.8,  18.6,  31.8,  44.9,  58.3,  68.6,  4.7,  5.1,  5.4,  5.9,  -8.8,  -1.4,  6.0,  13.3,  20.1,  -42.6,  -33.9,  -23.1,  -14.4,  -23.4,  -34.1,  23.6,  32.4,  43.0,  51.5,  44.2,  33.8,  -22.6,  -10.3,  -0.5,  6.1,  13.2,  23.1,  34.4,  23.5,  13.9,  6.3,  -0.6,  -10.6,  -18.0,  -0.6,  6.2,  13.4,  29.8,  13.1,  6.0,  -0.8,  -11.8,  10.9,  32.7,  53.5,  71.7,  86.9,  97.8,  103.7,  104.3,  102.8,  97.0,  86.4,  70.6,  50.5,  29.1,  7.2,  -15.2,  -26.0,  -36.0,  -39.0,  -37.6,  -33.4,  -34.3,  -39.3,  -41.2,  -39.2,  -31.3,  -14.9,  -1.7,  11.1,  23.8,  32.7,  34.9,  36.8,  34.2,  31.7,  -10.4,  -15.7,  -15.6,  -9.5,  -6.5,  -6.2,  -10.5,  -17.3,  -17.6,  -13.1,  -8.6,  -8.0,  57.2,  52.6,  50.0,  51.4,  49.5,  51.7,  55.1,  60.7,  62.4,  63.2,  63.2,  62.0,  57.3,  55.6,  56.1,  54.9,  55.5,  54.4,  55.3,  55.1,  419.4,  419.8,  420.0,  419.1,  416.0,  410.6,  401.8,  389.7,  385.7,  391.7,  404.9,  414.6,  417.7,  416.3,  415.4,  414.5,  415.4,  388.7,  380.3,  371.0,  362.6,  355.6,  354.0,  360.0,  366.6,  374.4,  383.4,  360.0,  354.5,  348.5,  343.4,  361.2,  358.1,  355.6,  357.4,  360.1,  381.1,  376.7,  374.5,  373.3,  373.9,  376.1,  371.6,  372.9,  374.2,  378.2,  373.8,  372.3,  380.2,  368.4,  362.3,  361.5,  361.3,  367.6,  379.4,  366.1,  358.8,  358.1,  359.4,  366.5,  377.4,  363.9,  363.0,  363.1,  375.5,  361.0,  359.9,  361.6, 0.17, 0.02, 0.00, 0.00, 0.00, 0.00, 0.00, 0.00, 0.13, 0.05, 0.12, 0.40, 0.08, 0.17, 0.04, 0.30, 0.04, 0.00, 0.00, 0.00, 1.00, 0.00, 0.00, 0.00, 0.00, 1.00, 1.00, 0.00, 0.00, 0.00, 1.00, 0.00, 0.00, 0.00, 0.00
32,  0,  1.033,  0.98,  1,  5.5,  30.1,  376.1,  0.074,  0.012,  -0.025,  231.1,  234.2,  239.3,  245.3,  255.0,  270.0,  287.4,  308.5,  330.6,  350.6,  368.4,  385.0,  398.8,  407.9,  412.9,  417.0,  419.7,  240.6,  252.0,  269.2,  287.4,  304.9,  346.5,  364.3,  381.3,  397.9,  409.9,  326.7,  327.6,  328.3,  329.2,  308.6,  318.7,  328.9,  338.9,  348.0,  264.2,  274.9,  289.5,  300.8,  288.9,  274.4,  352.2,  363.6,  377.7,  388.4,  379.6,  365.8,  290.9,  306.8,  319.9,  328.8,  338.3,  351.4,  365.3,  351.9,  339.2,  329.0,  319.5,  306.1,  296.8,  319.7,  328.9,  338.6,  359.7,  338.1,  328.5,  319.2,  229.7,  256.4,  281.9,  306.6,  329.1,  348.9,  365.4,  377.7,  379.9,  375.7,  363.6,  347.4,  327.5,  303.7,  277.7,  251.1,  223.6,  212.4,  199.1,  194.5,  195.5,  200.3,  198.7,  192.2,  190.3,  193.5,  204.4,  226.2,  244.8,  263.4,  282.3,  292.0,  295.7,  298.6,  294.8,  290.8,  232.6,  225.0,  225.1,  233.8,  238.1,  238.5,  231.9,  222.1,  221.5,  228.0,  234.4,  235.4,  320.4,  317.3,  315.4,  317.5,  314.9,  316.1,  317.5,  328.4,  332.6,  333.9,  333.4,  329.9,  321.3,  322.7,  323.6,  321.8,  319.1,  321.3,  322.7,  322.0,  -74.7,  -72.3,  -68.2,  -63.1,  -54.6,  -41.5,  -26.6,  -9.1,  8.3,  24.4,  39.7,  54.4,  66.4,  73.7,  77.7,  80.8,  82.9,  -61.7,  -51.7,  -37.7,  -23.7,  -10.8,  18.9,  32.0,  45.0,  58.4,  69.0,  4.9,  5.4,  5.9,  6.4,  -8.3,  -0.9,  6.4,  13.7,  20.4,  -42.8,  -34.1,  -22.9,  -14.4,  -23.4,  -34.5,  24.0,  32.6,  43.4,  52.0,  44.8,  34.3,  -22.4,  -9.9,  -0.1,  6.5,  13.5,  23.5,  34.9,  23.7,  14.0,  6.6,  -0.4,  -10.3,  -17.8,  -0.2,  6.6,  13.7,  30.2,  13.3,  6.3,  -0.6,  -8.7,  13.8,  35.4,  56.3,  74.8,  90.5,  102.4,  109.4,  110.1,  108.2,  101.4,  90.0,  73.8,  53.4,  31.5,  9.2,  -13.7,  -21.4,  -31.1,  -33.8,  -32.3,  -28.3,  -29.4,  -34.6,  -36.5,  -34.9,  -27.3,  -10.0,  3.4,  16.5,  29.4,  38.1,  40.4,  42.3,  39.7,  37.1,  -5.7,  -11.3,  -11.2,  -4.7,  -1.4,  -1.1,  -6.0,  -13.4,  -13.9,  -9.1,  -4.2,  -3.5,  62.1,  57.9,  55.6,  57.0,  55.0,  56.9,  59.7,  65.8,  67.6,  68.3,  68.3,  67.0,  62.3,  61.2,  61.7,  60.4,  60.3,  59.6,  60.5,  60.3,  420.3,  421.6,  422.5,  422.2,  419.7,  415.5,  408.5,  397.4,  393.3,  398.5,  410.3,  419.0,  421.3,  419.2,  418.0,  416.4,  416.0,  389.0,  380.5,  371.3,  363.3,  357.0,  355.7,  361.3,  367.4,  374.8,  383.8,  362.1,  357.5,  352.5,  348.4,  365.9,  363.0,  360.8,  362.3,  364.6,  382.8,  378.2,  376.1,  375.2,  375.9,  378.2,  373.8,  374.6,  376.0,  380.3,  376.2,  374.6,  385.8,  374.5,  368.5,  367.8,  367.4,  373.6,  385.0,  372.0,  364.6,  364.1,  365.5,  372.5,  383.2,  370.0,  369.2,  369.1,  381.1,  366.6,  365.7,  367.3, 0.12, 0.02, 0.00, 0.00, 0.00, 0.00, 0.00, 0.00, 0.20, 0.05, 0.08, 0.52, 0.04, 0.30, 0.07, 0.27, 0.00, 0.00, 0.00, 0.00, 1.00, 0.00, 0.00, 0.00, 0.00, 1.00, 1.00, 0.00, 0.00, 0.00, 1.00, 0.00, 0.00, 0.00, 0.00
33,  0,  1.067,  0.98,  1,  5.5,  33.1,  376.8,  0.106,  0.014,  -0.024,  231.5,  234.6,  239.8,  245.7,  255.0,  269.6,  286.8,  308.0,  330.3,  350.6,  368.4,  384.8,  398.6,  407.7,  412.7,  417.0,  419.8,  240.9,  252.0,  269.3,  287.7,  305.4,  346.2,  364.2,  381.4,  398.2,  410.1,  326.7,  327.5,  328.2,  329.0,  308.6,  318.6,  328.8,  338.8,  347.9,  264.7,  275.4,  289.9,  301.3,  289.4,  275.0,  352.0,  363.5,  377.6,  388.3,  379.5,  365.7,  290.8,  306.6,  319.7,  328.6,  338.3,  351.3,  365.4,  351.9,  339.2,  328.9,  319.3,  306.0,  296.7,  319.4,  328.7,  338.5,  359.7,  338.0,  328.4,  319.0,  232.4,  258.8,  283.8,  308.1,  330.2,  350.0,  366.8,  379.8,  382.5,  378.3,  365.9,  349.5,  329.5,  305.7,  279.8,  253.3,  225.8,  216.5,  203.4,  199.2,  200.6,  205.8,  204.3,  197.3,  195.0,  198.0,  208.7,  230.9,  249.9,  268.9,  288.1,  296.6,  300.4,  303.6,  299.6,  295.6,  236.1,  228.7,  228.9,  237.7,  241.9,  242.2,  236.2,  226.2,  225.5,  231.8,  238.5,  239.5,  323.6,  321.4,  320.0,  322.2,  319.7,  320.6,  321.2,  332.5,  336.9,  338.1,  337.5,  333.6,  324.7,  326.9,  327.9,  326.2,  322.9,  325.6,  327.1,  326.2,  -74.3,  -71.9,  -67.8,  -62.8,  -54.7,  -42.1,  -27.3,  -9.6,  8.2,  24.5,  40.0,  54.7,  66.6,  73.9,  77.8,  80.9,  83.1,  -61.4,  -51.5,  -37.5,  -23.3,  -10.4,  18.5,  31.6,  44.8,  58.3,  68.9,  4.8,  5.3,  5.8,  6.3,  -8.3,  -1.0,  6.3,  13.7,  20.4,  -42.3,  -33.7,  -22.6,  -14.0,  -23.0,  -34.0,  23.8,  32.4,  43.1,  51.7,  44.6,  34.1,  -22.6,  -10.0,  -0.2,  6.4,  13.5,  23.5,  35.0,  23.8,  14.0,  6.5,  -0.5,  -10.5,  -17.9,  -0.4,  6.4,  13.7,  30.4,  13.3,  6.1,  -0.7,  -6.4,  15.8,  37.0,  57.6,  75.9,  91.9,  104.2,  111.8,  112.7,  110.9,  104.0,  92.3,  75.9,  55.4,  33.4,  11.1,  -11.8,  -18.3,  -27.8,  -30.2,  -28.4,  -24.2,  -25.2,  -30.6,  -32.8,  -31.3,  -23.9,  -6.5,  7.0,  20.3,  33.4,  41.4,  43.9,  45.9,  43.2,  40.6,  -3.0,  -8.5,  -8.3,  -1.7,  1.4,  1.7,  -2.9,  -10.3,  -10.8,  -6.2,  -1.1,  -0.4,  64.8,  61.2,  59.2,  60.6,  58.7,  60.3,  62.6,  69.0,  70.9,  71.7,  71.5,  70.0,  65.1,  64.5,  65.1,  63.8,  63.3,  62.9,  63.9,  63.5,  419.8,  421.4,  422.4,  422.6,  421.0,  417.5,  410.9,  399.7,  395.7,  400.9,  413.1,  421.6,  423.8,  421.4,  419.7,  417.2,  416.1,  388.5,  379.2,  369.5,  361.0,  354.4,  352.8,  358.1,  364.5,  372.4,  382.2,  360.4,  356.2,  351.6,  348.0,  366.2,  363.3,  361.1,  362.6,  364.8,  382.2,  377.4,  375.2,  374.5,  375.3,  377.7,  372.3,  372.9,  374.2,  378.7,  374.8,  373.2,  387.3,  375.8,  369.6,  368.8,  368.3,  374.5,  385.8,  373.1,  365.9,  365.5,  367.0,  374.1,  384.6,  371.3,  370.4,  370.1,  382.1,  367.5,  366.8,  368.5, 0.08, 0.02, 0.00, 0.00, 0.00, 0.00, 0.00, 0.00, 0.25, 0.15, 0.13, 0.76, 0.00, 0.36, 0.07, 0.28, 0.00, 0.00, 0.00, 0.00, 1.00, 0.00, 0.00, 0.00, 0.00, 1.00, 1.00, 0.00, 1.00, 0.00, 1.00, 0.00, 0.00, 0.00, 0.00
34,  0,  1.100,  0.98,  1,  5.7,  35.1,  378.2,  0.124,  0.011,  -0.025,  231.6,  234.9,  240.1,  246.0,  255.1,  269.5,  286.6,  307.8,  330.4,  350.9,  368.9,  385.3,  399.0,  407.8,  412.8,  417.0,  419.8,  241.0,  252.4,  269.6,  287.8,  305.3,  346.7,  364.6,  381.7,  398.3,  410.2,  326.8,  327.7,  328.5,  329.3,  308.9,  318.9,  329.1,  339.1,  348.1,  264.4,  275.1,  289.7,  301.0,  289.1,  274.7,  352.4,  363.8,  377.9,  388.6,  379.8,  366.0,  291.4,  307.1,  320.0,  328.9,  338.6,  351.6,  365.5,  352.1,  339.5,  329.2,  319.7,  306.6,  297.2,  319.7,  329.0,  338.8,  359.9,  338.4,  328.7,  319.4,  234.3,  260.5,  285.3,  309.3,  331.2,  350.9,  367.8,  381.2,  383.9,  379.7,  367.1,  350.6,  330.5,  306.9,  281.2,  254.9,  227.6,  218.7,  206.3,  202.5,  204.0,  209.1,  207.5,  200.5,  198.2,  200.9,  211.0,  234.0,  253.2,  272.4,  291.7,  299.6,  303.6,  306.8,  302.8,  298.6,  238.8,  231.4,  231.6,  240.4,  244.7,  245.0,  238.8,  228.8,  228.1,  234.3,  241.0,  242.1,  326.0,  324.1,  322.9,  325.0,  322.5,  323.1,  323.4,  334.6,  339.1,  340.3,  339.7,  335.8,  327.1,  329.6,  330.6,  328.9,  325.2,  328.1,  329.6,  328.7,  -74.2,  -71.8,  -67.6,  -62.7,  -54.8,  -42.4,  -27.6,  -9.8,  8.3,  24.9,  40.6,  55.3,  67.2,  74.3,  78.0,  81.0,  83.1,  -61.3,  -51.2,  -37.2,  -23.2,  -10.4,  18.8,  31.9,  44.9,  58.2,  68.9,  4.9,  5.5,  6.0,  6.5,  -8.2,  -0.8,  6.6,  13.9,  20.6,  -42.5,  -33.9,  -22.8,  -14.2,  -23.2,  -34.2,  24.2,  32.7,  43.4,  52.0,  44.9,  34.4,  -22.3,  -9.7,  0.0,  6.6,  13.7,  23.8,  35.2,  24.1,  14.3,  6.8,  -0.2,  -10.1,  -17.6,  -0.2,  6.7,  14.0,  30.6,  13.6,  6.4,  -0.5,  -4.7,  17.3,  38.3,  58.7,  77.0,  93.0,  105.5,  113.5,  114.5,  112.6,  105.6,  93.8,  77.1,  56.6,  34.7,  12.5,  -10.3,  -16.5,  -25.5,  -27.7,  -25.9,  -21.8,  -22.9,  -28.3,  -30.5,  -29.1,  -22.2,  -4.3,  9.4,  22.8,  36.2,  43.8,  46.4,  48.4,  45.7,  42.9,  -0.9,  -6.5,  -6.3,  0.3,  3.5,  3.8,  -0.9,  -8.3,  -8.9,  -4.3,  0.8,  1.6,  66.9,  63.5,  61.6,  63.0,  61.1,  62.6,  64.6,  70.9,  72.9,  73.7,  73.5,  72.0,  67.3,  66.8,  67.4,  66.1,  65.4,  65.1,  66.1,  65.7,  419.7,  421.6,  423.0,  423.5,  422.4,  419.2,  413.0,  401.9,  397.7,  403.0,  415.4,  423.9,  425.8,  422.9,  420.6,  417.8,  416.3,  388.0,  378.5,  369.0,  360.6,  353.9,  352.6,  358.0,  364.2,  372.0,  382.0,  360.5,  356.8,  352.6,  349.4,  367.6,  364.7,  362.6,  363.8,  366.0,  382.4,  377.5,  375.3,  374.8,  375.7,  378.0,  372.7,  373.1,  374.5,  379.1,  375.2,  373.7,  388.7,  377.5,  371.6,  370.8,  370.2,  376.4,  387.5,  374.9,  367.8,  367.4,  368.9,  375.8,  386.0,  373.1,  372.2,  372.0,  383.7,  369.4,  368.6,  370.3, 0.00, 0.00, 0.00, 0.00, 0.00, 0.00, 0.00, 0.00, 0.29, 0.16, 0.06, 0.91, 0.00, 0.35, 0.05, 0.22, 0.00, 0.00, 0.00, 0.00, 1.00, 0.00, 0.00, 0.00, 0.00, 1.00, 1.00, 0.00, 1.00, 0.00, 1.00, 0.00, 0.00, 0.00, 0.00
35,  0,  1.133,  0.98,  1,  5.7,  35.6,  377.8,  0.125,  0.015,  -0.024,  231.8,  235.1,  240.3,  246.2,  255.4,  269.8,  286.9,  308.0,  330.6,  351.2,  369.3,  385.6,  399.3,  408.0,  412.9,  417.1,  419.8,  241.1,  252.5,  269.7,  288.0,  305.6,  346.9,  364.8,  382.0,  398.6,  410.5,  327.1,  328.0,  328.7,  329.5,  308.9,  319.0,  329.2,  339.3,  348.3,  264.5,  275.2,  289.7,  301.1,  289.2,  274.9,  352.7,  364.1,  378.2,  388.9,  380.0,  366.3,  290.8,  306.5,  319.7,  328.8,  338.6,  351.9,  365.9,  352.3,  339.4,  328.9,  319.1,  305.8,  296.6,  319.4,  328.8,  338.8,  360.3,  338.4,  328.5,  319.0,  235.2,  261.4,  286.3,  310.2,  332.0,  351.7,  368.4,  381.7,  384.4,  380.1,  367.2,  350.6,  330.6,  307.2,  281.9,  256.0,  229.1,  219.4,  207.1,  203.3,  204.9,  210.2,  208.5,  201.5,  199.2,  201.8,  211.8,  234.6,  253.8,  273.1,  292.5,  300.1,  304.1,  307.4,  303.4,  299.2,  239.2,  232.0,  232.1,  240.7,  244.9,  245.2,  239.3,  229.5,  228.8,  235.0,  241.5,  242.4,  326.4,  324.5,  323.4,  325.6,  323.1,  323.8,  324.2,  335.7,  340.4,  341.6,  340.9,  336.7,  327.6,  330.2,  331.3,  329.6,  326.0,  329.0,  330.5,  329.5,  -74.1,  -71.6,  -67.5,  -62.6,  -54.6,  -42.1,  -27.3,  -9.6,  8.4,  25.1,  40.9,  55.6,  67.4,  74.4,  78.0,  81.0,  83.0,  -61.2,  -51.1,  -37.1,  -23.1,  -10.2,  18.9,  32.1,  45.1,  58.4,  69.1,  5.1,  5.7,  6.1,  6.7,  -8.1,  -0.8,  6.6,  14.0,  20.7,  -42.4,  -33.8,  -22.7,  -14.2,  -23.1,  -34.1,  24.3,  32.9,  43.5,  52.1,  44.9,  34.5,  -22.7,  -10.2,  -0.2,  6.5,  13.7,  23.9,  35.5,  24.2,  14.3,  6.5,  -0.6,  -10.7,  -18.1,  -0.4,  6.6,  14.0,  30.9,  13.6,  6.2,  -0.8,  -4.0,  18.1,  39.2,  59.5,  77.8,  93.7,  105.9,  113.6,  114.6,  112.7,  105.6,  93.7,  77.1,  56.8,  35.2,  13.3,  -9.1,  -16.0,  -24.9,  -27.1,  -25.3,  -21.1,  -22.2,  -27.5,  -29.7,  -28.4,  -21.5,  -3.9,  9.8,  23.3,  36.6,  44.1,  46.7,  48.8,  46.0,  43.3,  -0.6,  -6.1,  -5.9,  0.5,  3.6,  3.9,  -0.5,  -7.8,  -8.3,  -3.8,  1.1,  1.8,  67.2,  63.7,  61.8,  63.3,  61.4,  63.0,  65.2,  71.7,  73.8,  74.6,  74.4,  72.7,  67.6,  67.2,  67.8,  66.6,  65.9,  65.7,  66.7,  66.3,  419.8,  421.8,  423.4,  424.0,  422.7,  419.2,  412.4,  401.0,  396.9,  402.3,  415.0,  423.5,  425.3,  422.3,  419.8,  417.0,  415.5,  387.8,  378.3,  368.7,  360.1,  353.1,  352.0,  357.4,  363.7,  371.6,  381.6,  359.6,  355.9,  351.7,  348.5,  366.9,  364.0,  361.8,  363.1,  365.1,  382.0,  377.0,  374.8,  374.2,  375.1,  377.5,  372.1,  372.6,  373.8,  378.4,  374.6,  373.2,  388.6,  377.1,  370.9,  370.0,  369.5,  375.8,  386.9,  374.7,  367.7,  367.3,  368.8,  375.9,  385.8,  372.6,  371.7,  371.5,  383.4,  369.1,  368.3,  370.0, 0.00, 0.00, 0.00, 0.06, 0.00, 0.00, 0.00, 0.00, 0.30, 0.16, 0.05, 1.00, 0.00, 0.34, 0.11, 0.16, 0.02, 0.00, 0.00, 0.00, 1.00, 0.00, 0.00, 0.00, 0.00, 1.00, 1.00, 0.00, 1.00, 0.00, 1.00, 0.00, 0.00, 0.00, 0.00
36,  0,  1.167,  0.98,  1,  6.0,  34.7,  376.6,  0.104,  0.008,  -0.024,  231.8,  235.1,  240.4,  246.3,  255.6,  270.1,  287.4,  308.7,  331.0,  351.2,  368.8,  385.2,  399.0,  408.0,  413.1,  417.2,  419.8,  240.8,  252.5,  269.9,  288.2,  305.8,  347.3,  365.2,  382.3,  399.1,  411.0,  327.5,  328.4,  329.3,  330.2,  309.3,  319.5,  329.7,  339.8,  348.9,  264.2,  275.1,  290.1,  301.7,  289.4,  274.6,  352.7,  364.3,  378.8,  389.6,  380.9,  366.7,  291.1,  307.2,  320.4,  329.4,  339.0,  352.2,  366.3,  352.7,  339.9,  329.6,  320.0,  306.5,  297.0,  320.1,  329.4,  339.2,  360.6,  338.8,  329.1,  319.7,  235.0,  261.2,  286.1,  310.3,  332.1,  351.8,  368.4,  381.4,  383.9,  379.7,  367.3,  350.9,  331.2,  307.8,  282.2,  256.0,  228.7,  218.4,  205.7,  201.7,  203.0,  208.2,  206.4,  199.4,  197.2,  200.1,  210.7,  233.5,  252.7,  271.9,  291.3,  299.5,  303.4,  306.5,  302.6,  298.5,  238.5,  230.7,  231.0,  240.5,  244.7,  245.0,  238.7,  227.9,  227.1,  233.8,  240.7,  241.9,  325.7,  323.5,  322.0,  324.2,  321.6,  322.4,  322.9,  334.5,  339.2,  340.4,  339.8,  335.8,  326.7,  329.0,  330.0,  328.3,  324.7,  327.8,  329.3,  328.5,  -73.9,  -71.4,  -67.1,  -62.1,  -54.2,  -41.7,  -26.8,  -9.1,  8.7,  25.0,  40.3,  55.0,  67.0,  74.2,  78.2,  81.3,  83.3,  -61.3,  -51.0,  -36.9,  -22.9,  -10.0,  19.2,  32.3,  45.4,  58.9,  69.6,  5.4,  6.0,  6.5,  7.1,  -7.8,  -0.4,  7.0,  14.3,  21.0,  -42.6,  -33.8,  -22.4,  -13.7,  -22.9,  -34.3,  24.4,  33.1,  44.0,  52.8,  45.6,  34.8,  -22.3,  -9.6,  0.3,  6.9,  14.0,  24.1,  35.7,  24.4,  14.5,  7.0,  -0.0,  -10.1,  -17.7,  0.1,  7.0,  14.2,  31.1,  13.8,  6.7,  -0.2,  -4.2,  17.8,  38.9,  59.3,  77.5,  93.4,  105.7,  113.2,  113.9,  112.0,  105.1,  93.5,  77.3,  57.1,  35.5,  13.4,  -9.4,  -16.7,  -25.9,  -28.2,  -26.6,  -22.5,  -23.7,  -29.1,  -31.2,  -29.7,  -22.4,  -4.7,  9.0,  22.4,  35.6,  43.5,  46.0,  48.0,  45.3,  42.6,  -1.1,  -7.0,  -6.7,  0.4,  3.5,  3.8,  -1.0,  -9.0,  -9.7,  -4.7,  0.6,  1.4,  66.3,  62.6,  60.5,  62.0,  60.0,  61.7,  64.0,  70.5,  72.4,  73.2,  73.1,  71.6,  66.6,  66.0,  66.6,  65.2,  64.7,  64.5,  65.4,  65.1,  419.1,  420.6,  421.4,  421.6,  420.7,  417.7,  411.6,  400.3,  395.8,  400.7,  412.9,  421.6,  423.9,  421.6,  420.2,  418.3,  417.4,  386.9,  377.8,  368.4,  359.9,  353.4,  352.2,  357.9,  364.4,  372.6,  382.5,  359.9,  355.8,  351.2,  347.5,  365.7,  362.8,  360.6,  362.0,  364.2,  381.7,  376.6,  374.3,  373.7,  374.6,  377.0,  372.2,  372.9,  374.4,  379.2,  374.9,  373.2,  386.9,  375.3,  368.9,  368.2,  367.7,  374.2,  385.9,  372.9,  365.2,  364.9,  366.4,  373.7,  384.3,  370.7,  369.7,  369.5,  382.1,  367.0,  366.3,  368.0, 0.00, 0.00, 0.00, 0.14, 0.00, 0.00, 0.00, 0.00, 0.22, 0.06, 0.00, 0.97, 0.00, 0.35, 0.14, 0.12, 0.02, 0.00, 0.00, 0.00, 1.00, 0.00, 0.00, 0.00, 0.00, 1.00, 1.00, 0.00, 1.00, 0.00, 1.00, 0.00, 0.00, 0.00, 0.00
37,  0,  1.200,  0.98,  1,  6.2,  31.5,  375.4,  0.065,  0.004,  -0.022,  231.8,  235.0,  240.2,  246.1,  255.5,  270.3,  287.6,  308.9,  330.9,  350.8,  368.3,  384.8,  398.9,  408.3,  413.5,  417.7,  420.3,  241.0,  252.6,  270.1,  288.5,  306.0,  347.7,  365.5,  382.6,  399.4,  411.3,  327.8,  328.7,  329.7,  330.6,  309.7,  319.9,  330.1,  340.1,  349.2,  264.4,  275.3,  290.3,  301.8,  289.6,  274.8,  353.1,  364.6,  379.0,  389.8,  381.1,  367.0,  291.6,  307.6,  320.8,  329.9,  339.5,  352.6,  366.5,  353.2,  340.5,  330.1,  320.5,  307.0,  297.6,  320.6,  329.9,  339.7,  360.9,  339.3,  329.6,  320.2,  233.2,  259.5,  284.5,  308.8,  330.6,  350.2,  366.6,  379.0,  381.4,  377.6,  365.9,  350.1,  330.5,  306.7,  280.7,  253.8,  226.1,  214.5,  201.2,  196.7,  197.6,  202.4,  200.6,  193.9,  191.9,  195.3,  206.5,  228.2,  247.0,  265.9,  284.9,  294.4,  298.1,  301.0,  297.2,  293.3,  234.4,  226.4,  226.5,  235.8,  240.1,  240.5,  233.9,  223.3,  222.6,  229.5,  236.1,  237.2,  322.2,  319.1,  317.2,  319.3,  316.7,  318.0,  319.3,  330.4,  334.7,  335.9,  335.4,  331.7,  323.1,  324.4,  325.3,  323.6,  320.9,  323.4,  324.8,  324.0,  -73.9,  -71.4,  -67.1,  -62.0,  -53.9,  -41.2,  -26.4,  -8.8,  8.6,  24.5,  39.5,  54.3,  66.6,  74.3,  78.5,  81.8,  83.8,  -61.3,  -51.2,  -37.0,  -22.8,  -9.9,  19.7,  32.8,  46.0,  59.5,  70.2,  5.6,  6.2,  6.8,  7.4,  -7.5,  -0.1,  7.3,  14.6,  21.2,  -42.5,  -33.8,  -22.3,  -13.6,  -22.8,  -34.1,  24.7,  33.4,  44.4,  53.1,  45.9,  35.2,  -21.9,  -9.2,  0.6,  7.2,  14.3,  24.3,  35.7,  24.7,  14.9,  7.4,  0.3,  -9.7,  -17.2,  0.4,  7.3,  14.5,  31.1,  14.1,  7.0,  0.1,  -5.7,  16.3,  37.4,  57.7,  75.8,  91.3,  103.2,  110.2,  110.9,  109.3,  103.1,  92.2,  76.3,  56.1,  34.2,  11.6,  -11.6,  -19.8,  -29.5,  -32.1,  -30.7,  -26.8,  -27.9,  -33.3,  -35.3,  -33.5,  -25.8,  -8.5,  5.0,  18.2,  31.2,  39.7,  42.0,  43.9,  41.3,  38.8,  -4.3,  -10.3,  -10.1,  -3.1,  0.1,  0.4,  -4.6,  -12.5,  -13.1,  -8.0,  -2.9,  -2.1,  63.3,  59.1,  56.8,  58.1,  56.2,  58.1,  61.0,  67.2,  68.9,  69.7,  69.6,  68.2,  63.5,  62.3,  62.8,  61.5,  61.5,  61.0,  61.9,  61.6,  418.8,  419.7,  420.1,  419.8,  418.0,  414.2,  407.7,  396.5,  392.1,  397.3,  409.6,  418.8,  421.9,  420.5,  419.9,  418.5,  418.1,  388.1,  379.6,  370.5,  362.4,  356.0,  355.0,  360.7,  367.2,  375.0,  384.4,  361.4,  356.7,  351.6,  347.4,  364.9,  361.9,  359.8,  361.4,  363.7,  382.4,  377.7,  375.6,  374.7,  375.5,  377.7,  373.3,  374.4,  376.0,  380.5,  376.1,  374.3,  384.9,  373.6,  367.5,  366.7,  366.3,  372.8,  384.3,  371.3,  363.7,  363.3,  364.7,  371.8,  382.2,  369.0,  368.1,  368.0,  380.5,  365.7,  364.9,  366.6, 0.00, 0.00, 0.00, 0.14, 0.00, 0.00, 0.00, 0.00, 0.11, 0.00, 0.00, 0.83, 0.00, 0.43, 0.18, 0.18, 0.05, 0.00, 0.00, 0.00, 1.00, 0.00, 0.00, 0.00, 0.00, 0.00, 1.00, 0.00, 1.00, 0.00, 1.00, 0.00, 0.00, 0.00, 0.00
38,  0,  1.233,  0.98,  1,  6.3,  27.0,  371.7,  0.024,  0.006,  -0.023,  231.9,  234.9,  240.0,  246.2,  255.8,  270.7,  288.2,  309.3,  331.6,  351.7,  369.3,  385.6,  399.5,  408.7,  413.8,  417.9,  420.4,  241.5,  252.9,  270.3,  288.7,  306.3,  347.7,  365.4,  382.4,  399.1,  410.9,  328.0,  328.9,  329.8,  330.8,  309.9,  320.0,  330.4,  340.5,  349.7,  265.0,  275.8,  290.4,  302.0,  289.9,  275.5,  353.3,  364.8,  378.9,  389.7,  380.8,  367.0,  291.7,  307.7,  321.1,  330.3,  340.0,  353.3,  367.1,  353.9,  341.2,  330.7,  320.9,  307.1,  297.7,  320.9,  330.3,  340.3,  361.5,  340.0,  330.1,  320.6,  229.6,  256.6,  282.3,  306.9,  328.9,  348.1,  363.6,  374.8,  376.9,  373.5,  362.7,  347.6,  328.1,  304.1,  278.0,  251.0,  223.5,  208.5,  194.7,  189.7,  190.3,  195.0,  193.4,  186.9,  185.2,  188.8,  200.3,  220.6,  239.4,  258.1,  277.2,  287.4,  291.0,  293.9,  290.0,  286.1,  227.9,  220.2,  220.1,  228.6,  232.7,  233.3,  227.1,  217.4,  216.9,  223.5,  229.5,  230.2,  317.0,  313.2,  310.9,  313.0,  310.4,  312.2,  314.4,  325.0,  329.0,  330.2,  329.7,  326.3,  317.8,  318.3,  319.2,  317.5,  315.7,  317.3,  318.6,  318.0,  -73.7,  -71.2,  -66.9,  -61.6,  -53.2,  -40.3,  -25.5,  -8.3,  8.9,  24.8,  39.9,  54.4,  66.5,  74.1,  78.2,  81.4,  83.6,  -60.9,  -51.0,  -36.9,  -22.7,  -9.7,  19.7,  32.7,  45.9,  59.3,  69.8,  5.7,  6.3,  6.9,  7.4,  -7.3,  0.0,  7.4,  14.7,  21.4,  -42.0,  -33.3,  -22.2,  -13.5,  -22.5,  -33.5,  24.7,  33.5,  44.2,  52.8,  45.5,  35.0,  -21.5,  -9.1,  0.8,  7.4,  14.5,  24.5,  35.8,  24.9,  15.2,  7.7,  0.6,  -9.4,  -16.8,  0.7,  7.5,  14.7,  31.2,  14.4,  7.3,  0.4,  -8.7,  13.9,  35.4,  55.9,  73.7,  88.4,  99.0,  104.7,  105.3,  104.3,  99.2,  89.3,  73.7,  53.6,  31.7,  9.2,  -13.7,  -24.5,  -34.4,  -37.4,  -36.0,  -32.0,  -33.1,  -38.3,  -40.3,  -38.4,  -30.5,  -14.0,  -0.4,  12.6,  25.5,  34.3,  36.5,  38.3,  35.8,  33.2,  -9.2,  -15.0,  -14.9,  -8.5,  -5.5,  -5.1,  -9.6,  -16.9,  -17.3,  -12.5,  -7.9,  -7.3,  58.6,  54.1,  51.5,  52.9,  51.0,  53.2,  56.5,  62.3,  64.0,  64.7,  64.6,  63.4,  58.8,  57.1,  57.6,  56.4,  56.9,  55.9,  56.7,  56.5,  418.1,  418.3,  418.3,  417.5,  414.4,  409.0,  400.4,  388.5,  384.7,  390.7,  404.4,  414.8,  418.5,  417.7,  417.1,  415.9,  416.3,  388.2,  380.1,  371.2,  362.8,  355.9,  354.8,  360.6,  367.2,  374.9,  383.9,  360.3,  354.8,  348.8,  343.7,  361.2,  358.0,  355.6,  357.5,  360.2,  381.3,  376.9,  374.8,  373.6,  374.2,  376.3,  371.9,  373.3,  374.7,  378.8,  374.4,  372.8,  380.4,  369.0,  362.9,  362.0,  361.9,  368.2,  379.6,  366.6,  359.3,  358.7,  360.0,  367.1,  377.6,  364.5,  363.5,  363.6,  375.9,  361.6,  360.6,  362.2, 0.00, 0.00, 0.00, 0.08, 0.00, 0.00, 0.00, 0.00, 0.02, 0.00, 0.00, 0.57, 0.01, 0.43, 0.21, 0.23, 0.04, 0.00, 0.00, 0.00, 1.00, 0.00, 0.00, 0.00, 0.00, 0.00, 1.00, 0.00, 1.00, 0.00, 1.00, 0.00, 0.00, 0.00, 0.00
39,  0,  1.267,  0.98,  1,  6.4,  22.6,  370.4,  -0.028,  0.008,  -0.024,  231.7,  234.6,  239.7,  245.8,  255.6,  270.7,  288.2,  309.4,  331.7,  352.0,  370.0,  386.5,  400.4,  409.3,  414.2,  418.1,  420.4,  241.6,  253.2,  270.6,  288.9,  306.3,  347.8,  365.2,  382.2,  398.8,  410.7,  328.1,  328.9,  329.8,  330.6,  309.9,  320.1,  330.4,  340.5,  349.6,  265.1,  276.0,  290.7,  302.2,  290.1,  275.5,  353.3,  364.7,  379.0,  389.8,  381.0,  367.0,  291.7,  307.7,  321.3,  330.4,  340.1,  353.5,  367.5,  354.2,  341.3,  330.9,  321.1,  307.2,  297.7,  321.2,  330.5,  340.5,  361.8,  340.1,  330.3,  320.8,  226.4,  253.6,  279.7,  304.7,  326.7,  345.6,  360.4,  370.5,  372.0,  368.9,  358.9,  344.5,  325.2,  301.3,  275.2,  248.2,  220.7,  203.3,  189.0,  183.3,  183.5,  187.9,  186.0,  179.7,  178.3,  182.3,  194.5,  214.0,  232.1,  250.1,  268.5,  280.8,  283.9,  286.5,  282.9,  279.3,  223.1,  214.8,  214.7,  223.4,  227.6,  228.3,  221.5,  211.5,  211.0,  218.1,  223.9,  224.7,  312.1,  307.1,  304.0,  306.0,  303.3,  305.7,  308.9,  318.8,  322.4,  323.6,  323.3,  320.5,  312.6,  311.8,  312.5,  310.8,  310.0,  310.8,  312.1,  311.7,  -74.1,  -71.5,  -67.1,  -61.7,  -53.1,  -40.1,  -25.2,  -8.1,  8.9,  24.7,  39.9,  54.6,  66.7,  74.1,  78.3,  81.5,  83.8,  -61.2,  -51.2,  -37.1,  -22.8,  -9.9,  19.9,  33.0,  46.2,  59.7,  70.1,  5.9,  6.4,  6.8,  7.3,  -7.3,  0.1,  7.4,  14.6,  21.3,  -42.1,  -33.3,  -22.1,  -13.4,  -22.5,  -33.6,  24.9,  33.6,  44.5,  53.2,  45.9,  35.2,  -21.4,  -9.0,  0.9,  7.5,  14.5,  24.5,  35.9,  24.9,  15.2,  7.7,  0.8,  -9.3,  -16.8,  0.8,  7.6,  14.8,  31.3,  14.5,  7.4,  0.6,  -11.4,  11.4,  33.2,  53.8,  71.5,  85.7,  95.5,  100.3,  100.4,  99.6,  95.1,  85.8,  70.7,  50.8,  29.2,  6.8,  -16.1,  -28.6,  -39.1,  -42.5,  -41.4,  -37.5,  -38.8,  -44.0,  -45.8,  -43.7,  -35.2,  -18.9,  -5.6,  7.1,  19.6,  29.4,  31.4,  33.1,  30.7,  28.3,  -13.0,  -19.1,  -19.1,  -12.4,  -9.3,  -8.8,  -13.9,  -21.4,  -21.9,  -16.7,  -12.1,  -11.5,  54.6,  49.2,  46.3,  47.6,  45.6,  48.2,  52.1,  57.4,  58.7,  59.5,  59.5,  58.7,  54.6,  52.1,  52.4,  51.2,  52.4,  50.9,  51.7,  51.6,  419.5,  418.7,  417.6,  415.8,  412.0,  405.9,  396.9,  384.5,  380.3,  386.1,  399.7,  410.5,  414.9,  414.9,  415.5,  415.7,  417.5,  390.2,  383.1,  374.7,  366.7,  360.1,  358.9,  364.8,  371.2,  378.6,  386.6,  363.3,  357.0,  350.4,  344.6,  361.1,  357.9,  355.4,  357.5,  360.3,  383.0,  378.9,  376.9,  375.4,  375.8,  377.9,  374.2,  375.8,  377.3,  381.1,  376.4,  374.7,  378.6,  367.2,  361.2,  360.3,  360.3,  366.6,  378.0,  364.3,  356.5,  355.9,  357.2,  364.6,  375.8,  362.4,  361.4,  361.6,  374.2,  359.4,  358.3,  360.0, 0.00, 0.00, 0.00, 0.05, 0.00, 0.00, 0.00, 0.00, 0.01, 0.00, 0.00, 0.27, 0.07, 0.30, 0.25, 0.17, 0.04, 0.00, 0.00, 0.00, 1.00, 0.00, 0.00, 0.00, 0.00, 0.00, 1.00, 0.00, 0.00, 0.00, 1.00, 0.00, 0.00, 0.00, 0.00
40,  0,  1.300,  0.98,  1,  6.3,  18.7,  369.1,  -0.069,  0.011,  -0.028,  231.6,  234.6,  239.8,  245.8,  255.5,  270.4,  287.9,  309.2,  331.9,  352.8,  371.4,  388.2,  401.8,  410.2,  414.6,  418.2,  420.2,  241.3,  253.1,  270.5,  288.8,  306.1,  347.2,  364.7,  381.7,  398.4,  410.2,  327.9,  328.7,  329.5,  330.4,  310.0,  320.1,  330.3,  340.3,  349.4,  264.7,  275.6,  290.4,  301.9,  289.8,  275.1,  353.0,  364.3,  378.7,  389.6,  380.7,  366.7,  291.9,  307.9,  321.5,  330.5,  340.1,  353.5,  367.7,  354.3,  341.4,  331.0,  321.3,  307.4,  297.9,  321.5,  330.7,  340.5,  361.8,  340.2,  330.5,  321.1,  223.8,  251.2,  277.6,  302.7,  324.6,  342.9,  356.6,  365.6,  366.8,  364.0,  354.7,  340.8,  321.7,  297.8,  272.1,  245.5,  218.5,  198.7,  184.0,  177.9,  177.5,  181.6,  179.5,  173.5,  172.5,  176.8,  189.4,  208.4,  225.8,  243.0,  260.7,  274.9,  277.7,  280.0,  276.6,  273.2,  219.0,  210.3,  210.0,  218.8,  223.1,  223.9,  216.5,  206.5,  205.9,  213.4,  219.0,  219.8,  308.0,  301.6,  297.9,  299.8,  297.0,  299.9,  304.1,  313.3,  316.6,  317.9,  317.8,  315.6,  308.2,  306.1,  306.6,  304.9,  305.0,  305.1,  306.4,  306.2,  -74.4,  -71.6,  -67.0,  -61.5,  -53.0,  -40.0,  -25.3,  -8.2,  9.0,  25.0,  40.6,  55.5,  67.3,  74.3,  78.2,  81.4,  83.7,  -61.7,  -51.6,  -37.4,  -23.1,  -10.1,  19.7,  32.9,  46.2,  59.8,  70.1,  5.8,  6.2,  6.7,  7.2,  -7.2,  0.1,  7.3,  14.5,  21.2,  -42.5,  -33.8,  -22.4,  -13.6,  -22.8,  -34.0,  24.8,  33.5,  44.5,  53.2,  45.9,  35.1,  -21.1,  -8.9,  1.1,  7.6,  14.4,  24.4,  35.9,  24.8,  15.1,  7.8,  1.0,  -9.1,  -16.5,  1.1,  7.7,  14.7,  31.1,  14.4,  7.5,  0.8,  -13.6,  9.4,  31.4,  52.0,  69.4,  83.0,  91.8,  95.6,  95.3,  94.6,  90.7,  82.0,  67.3,  47.6,  26.5,  4.6,  -17.9,  -32.4,  -43.2,  -46.9,  -46.1,  -42.4,  -43.7,  -48.9,  -50.5,  -48.2,  -39.4,  -23.1,  -10.2,  2.1,  14.3,  25.2,  26.9,  28.4,  26.1,  23.9,  -16.2,  -22.6,  -22.7,  -16.0,  -12.7,  -12.2,  -17.7,  -25.3,  -25.8,  -20.4,  -15.9,  -15.2,  51.2,  45.0,  41.6,  42.9,  40.9,  43.7,  48.2,  53.1,  54.3,  55.0,  55.2,  54.8,  51.0,  47.6,  47.9,  46.7,  48.4,  46.6,  47.3,  47.4,  420.9,  419.3,  417.3,  414.6,  410.2,  403.3,  393.7,  380.6,  375.9,  381.6,  395.3,  406.7,  411.5,  412.0,  413.5,  414.9,  417.8,  391.8,  385.4,  377.3,  369.4,  362.9,  361.7,  367.9,  374.2,  381.4,  388.9,  365.3,  358.5,  351.4,  345.0,  360.7,  357.5,  355.0,  357.0,  359.8,  384.3,  380.4,  378.3,  376.7,  376.9,  379.0,  375.8,  377.7,  379.2,  382.8,  377.8,  376.1,  376.5,  365.3,  359.3,  358.4,  358.6,  364.7,  376.0,  362.0,  354.2,  353.6,  354.9,  362.3,  373.8,  360.4,  359.3,  359.6,  372.2,  357.5,  356.3,  357.9, 0.00, 0.00, 0.00, 0.08, 0.00, 0.00, 0.00, 0.00, 0.00, 0.00, 0.00, 0.10, 0.08, 0.14, 0.22, 0.11, 0.07, 0.00, 0.00, 0.00, 1.00, 0.00, 0.00, 0.00, 0.00, 0.00, 1.00, 0.00, 0.00, 0.00, 1.00, 0.00, 0.00, 0.00, 0.00
41,  0,  1.333,  0.98,  1,  6.2,  16.1,  366.3,  -0.085,  0.014,  -0.027,  231.5,  234.4,  239.5,  245.6,  255.4,  270.4,  288.0,  309.1,  331.9,  352.9,  371.6,  388.4,  402.0,  410.4,  414.8,  418.3,  420.2,  241.4,  252.9,  270.3,  288.7,  306.2,  346.9,  364.3,  381.4,  398.1,  409.8,  327.8,  328.5,  329.3,  330.2,  309.7,  319.9,  330.1,  340.2,  349.3,  264.8,  275.7,  290.2,  301.7,  289.7,  275.3,  352.8,  364.3,  378.4,  389.3,  380.3,  366.4,  291.9,  307.6,  321.2,  330.4,  340.1,  353.5,  367.5,  354.3,  341.4,  330.9,  321.0,  307.1,  297.9,  321.1,  330.6,  340.5,  361.6,  340.3,  330.3,  320.8,  221.6,  249.3,  276.0,  301.2,  323.0,  340.9,  354.1,  362.5,  363.6,  361.2,  352.3,  338.8,  320.0,  296.1,  270.3,  243.7,  216.8,  195.6,  180.6,  174.1,  173.8,  178.0,  175.9,  169.9,  168.9,  173.5,  186.4,  204.3,  221.8,  239.0,  256.8,  270.9,  273.7,  276.0,  272.6,  269.2,  215.0,  206.6,  206.3,  214.6,  218.7,  219.5,  212.6,  203.1,  202.7,  209.9,  215.1,  215.7,  304.4,  297.8,  293.9,  295.9,  293.2,  296.3,  301.0,  309.9,  313.2,  314.4,  314.3,  312.0,  304.6,  302.3,  302.8,  301.2,  301.7,  301.4,  302.7,  302.4,  -74.3,  -71.6,  -67.0,  -61.5,  -52.8,  -39.7,  -24.9,  -8.2,  8.8,  24.9,  40.5,  55.3,  67.2,  74.3,  78.2,  81.3,  83.5,  -61.5,  -51.7,  -37.5,  -23.1,  -10.0,  19.4,  32.5,  45.8,  59.4,  69.6,  5.6,  6.1,  6.5,  7.0,  -7.3,  -0.1,  7.1,  14.3,  20.9,  -42.3,  -33.6,  -22.5,  -13.7,  -22.7,  -33.7,  24.5,  33.3,  44.1,  52.8,  45.3,  34.8,  -21.0,  -9.0,  0.8,  7.4,  14.3,  24.2,  35.4,  24.6,  15.1,  7.6,  0.7,  -9.3,  -16.4,  0.8,  7.5,  14.6,  30.7,  14.4,  7.3,  0.5,  -15.4,  7.7,  29.9,  50.6,  67.8,  80.8,  88.8,  92.1,  91.9,  91.6,  88.2,  80.0,  65.6,  46.1,  25.0,  3.0,  -19.3,  -34.8,  -45.8,  -49.7,  -48.8,  -44.9,  -46.2,  -51.3,  -53.0,  -50.6,  -41.6,  -25.9,  -13.0,  -0.7,  11.5,  22.1,  23.9,  25.3,  23.1,  20.9,  -19.1,  -25.3,  -25.4,  -19.1,  -16.0,  -15.5,  -20.5,  -27.7,  -28.1,  -22.9,  -18.7,  -18.2,  48.1,  41.8,  38.4,  39.7,  37.8,  40.7,  45.4,  50.2,  51.4,  52.2,  52.3,  51.7,  47.8,  44.5,  44.7,  43.6,  45.5,  43.5,  44.3,  44.3,  419.7,  417.9,  416.0,  413.2,  408.2,  400.4,  389.4,  376.0,  371.7,  378.0,  392.5,  404.5,  409.8,  410.8,  412.1,  413.4,  416.3,  391.4,  385.0,  376.9,  368.7,  361.7,  360.5,  366.5,  373.0,  380.2,  387.6,  363.7,  356.4,  348.9,  342.0,  357.8,  354.5,  351.8,  354.0,  357.0,  382.9,  379.0,  376.9,  375.2,  375.4,  377.4,  374.0,  376.0,  377.4,  380.8,  375.9,  374.3,  373.0,  361.9,  356.0,  355.0,  355.3,  361.3,  372.3,  358.8,  351.3,  350.5,  351.8,  359.0,  370.2,  357.1,  356.1,  356.5,  368.6,  354.6,  353.4,  355.0, 0.00, 0.00, 0.00, 0.08, 0.00, 0.00, 0.00, 0.00, 0.00, 0.00, 0.00, 0.04, 0.08, 0.03, 0.16, 0.00, 0.07, 0.00, 0.00, 0.00, 1.00, 0.00, 0.00, 0.00, 0.00, 0.00, 1.00, 0.00, 0.00, 0.00, 1.00, 0.00, 0.00, 0.00, 0.00
42,  0,  1.367,  0.98,  1,  6.3,  15.0,  366.5,  -0.095,  0.015,  -0.028,  231.6,  234.4,  239.5,  245.7,  255.6,  270.8,  288.4,  309.6,  332.3,  353.4,  372.1,  388.9,  402.4,  410.7,  414.9,  418.3,  420.1,  241.6,  253.0,  270.3,  288.6,  306.0,  347.0,  364.4,  381.4,  397.9,  409.5,  327.7,  328.5,  329.4,  330.3,  310.0,  320.0,  330.2,  340.3,  349.3,  264.7,  275.4,  289.8,  301.3,  289.3,  275.1,  353.0,  364.5,  378.5,  389.3,  380.3,  366.6,  292.1,  307.7,  321.2,  330.5,  340.2,  353.7,  367.6,  354.4,  341.5,  331.0,  321.1,  307.3,  298.1,  321.2,  330.7,  340.6,  361.7,  340.4,  330.4,  320.9,  220.7,  248.3,  274.9,  300.0,  321.9,  339.7,  352.9,  361.4,  362.7,  360.2,  351.4,  338.0,  319.1,  295.2,  269.4,  242.7,  216.0,  194.4,  179.3,  172.8,  172.2,  176.2,  174.2,  168.4,  167.6,  172.2,  185.0,  202.7,  219.9,  237.0,  254.7,  269.1,  271.8,  274.1,  270.7,  267.3,  213.8,  205.5,  205.0,  213.0,  217.2,  218.1,  211.1,  201.9,  201.6,  208.7,  213.7,  214.2,  302.9,  296.0,  292.2,  294.1,  291.4,  294.6,  299.5,  308.3,  311.5,  312.7,  312.6,  310.4,  303.0,  300.6,  301.1,  299.5,  300.2,  299.7,  301.0,  300.7,  -74.4,  -71.7,  -67.1,  -61.5,  -52.6,  -39.3,  -24.5,  -7.8,  9.1,  25.2,  40.9,  55.6,  67.4,  74.3,  78.0,  81.1,  83.2,  -61.5,  -51.7,  -37.6,  -23.2,  -10.1,  19.6,  32.7,  46.0,  59.4,  69.5,  5.6,  6.1,  6.5,  7.0,  -7.2,  0.0,  7.2,  14.4,  20.9,  -42.5,  -33.9,  -22.8,  -14.0,  -23.1,  -33.9,  24.8,  33.5,  44.3,  52.9,  45.4,  35.0,  -20.8,  -8.9,  0.9,  7.4,  14.4,  24.4,  35.4,  24.7,  15.1,  7.7,  0.8,  -9.1,  -16.2,  0.9,  7.6,  14.7,  30.8,  14.4,  7.4,  0.6,  -16.2,  6.9,  29.1,  49.7,  66.8,  79.7,  87.6,  91.1,  91.0,  90.8,  87.3,  79.2,  64.7,  45.2,  24.2,  2.3,  -20.0,  -35.8,  -46.8,  -50.9,  -50.2,  -46.3,  -47.6,  -52.7,  -54.2,  -51.7,  -42.7,  -27.2,  -14.3,  -2.1,  10.0,  20.8,  22.6,  24.0,  21.8,  19.5,  -20.1,  -26.2,  -26.4,  -20.3,  -17.2,  -16.5,  -21.7,  -28.7,  -29.1,  -23.9,  -19.8,  -19.3,  46.9,  40.6,  37.2,  38.4,  36.6,  39.5,  44.3,  49.0,  50.3,  51.0,  51.1,  50.5,  46.6,  43.3,  43.5,  42.5,  44.3,  42.4,  43.1,  43.1,  420.4,  418.6,  416.7,  413.8,  408.1,  399.5,  388.3,  374.9,  371.0,  377.5,  392.1,  404.0,  409.2,  410.1,  411.3,  412.7,  415.6,  392.1,  386.0,  378.2,  370.1,  363.2,  362.2,  368.0,  374.3,  381.0,  388.0,  364.6,  357.3,  349.6,  342.6,  358.2,  354.9,  352.3,  354.3,  357.2,  383.5,  379.9,  377.8,  376.0,  376.2,  378.3,  375.0,  377.0,  378.3,  381.5,  376.8,  375.3,  372.7,  361.8,  356.1,  355.2,  355.5,  361.4,  372.2,  358.9,  351.5,  350.6,  351.7,  358.8,  369.9,  357.1,  356.2,  356.7,  368.4,  354.8,  353.5,  355.0, 0.00, 0.00, 0.00, 0.03, 0.00, 0.00, 0.00, 0.00, 0.00, 0.00, 0.00, 0.01, 0.04, 0.00, 0.12, 0.00, 0.07, 0.00, 0.00, 0.00, 1.00, 0.00, 0.00, 0.00, 0.00, 0.00, 1.00, 0.00, 0.00, 0.00, 1.00, 0.00, 0.00, 0.00, 0.00
43,  0,  1.400,  0.98,  1,  6.5,  15.3,  367.8,  -0.091,  0.011,  -0.031,  231.6,  234.6,  239.9,  246.1,  255.9,  270.9,  288.4,  309.7,  332.5,  353.4,  372.2,  389.1,  402.6,  410.8,  414.9,  418.3,  420.0,  241.4,  253.2,  270.4,  288.6,  306.0,  347.1,  364.5,  381.4,  398.0,  409.8,  327.9,  328.8,  329.7,  330.7,  310.6,  320.7,  330.7,  340.6,  349.6,  265.0,  275.9,  290.6,  302.2,  290.1,  275.4,  352.8,  364.1,  378.5,  389.4,  380.5,  366.5,  292.5,  308.4,  322.0,  331.0,  340.6,  354.0,  368.3,  354.9,  342.0,  331.6,  321.9,  307.9,  298.5,  322.0,  331.3,  341.0,  362.4,  340.7,  331.0,  321.6,  220.6,  248.0,  274.5,  299.6,  321.5,  339.5,  352.8,  361.3,  362.3,  359.8,  351.0,  337.5,  318.5,  294.6,  268.9,  242.2,  215.3,  195.0,  180.1,  173.7,  173.0,  176.8,  174.3,  168.4,  167.5,  172.0,  184.9,  203.5,  220.3,  236.9,  254.1,  269.6,  272.1,  274.2,  271.0,  267.8,  215.3,  206.5,  206.1,  214.6,  219.0,  220.0,  212.0,  202.1,  201.6,  209.0,  214.4,  215.2,  303.8,  296.7,  292.6,  294.4,  291.5,  294.8,  299.6,  308.4,  311.5,  312.8,  312.8,  310.8,  303.8,  301.0,  301.4,  299.7,  300.3,  299.9,  301.2,  301.1,  -74.5,  -71.6,  -66.8,  -61.1,  -52.4,  -39.4,  -24.7,  -7.8,  9.3,  25.3,  41.0,  56.0,  67.8,  74.7,  78.4,  81.6,  83.8,  -61.7,  -51.6,  -37.5,  -23.3,  -10.2,  19.7,  32.9,  46.2,  59.8,  70.1,  5.8,  6.3,  6.8,  7.3,  -6.8,  0.5,  7.6,  14.7,  21.3,  -42.3,  -33.6,  -22.3,  -13.4,  -22.6,  -33.8,  24.7,  33.4,  44.4,  53.3,  45.8,  35.0,  -20.6,  -8.5,  1.4,  7.9,  14.7,  24.7,  36.1,  25.1,  15.5,  8.2,  1.3,  -8.7,  -16.0,  1.4,  8.0,  15.1,  31.4,  14.7,  7.8,  1.1,  -16.3,  6.7,  28.7,  49.3,  66.6,  79.8,  88.2,  91.7,  91.3,  90.8,  87.3,  78.9,  64.4,  44.9,  23.8,  1.9,  -20.7,  -35.3,  -46.3,  -50.2,  -49.7,  -46.1,  -47.7,  -52.9,  -54.5,  -52.1,  -43.0,  -26.7,  -14.1,  -2.2,  9.7,  21.3,  22.9,  24.2,  22.1,  19.9,  -19.0,  -25.5,  -25.7,  -19.1,  -15.8,  -15.2,  -21.1,  -28.7,  -29.2,  -23.8,  -19.3,  -18.7,  47.8,  41.2,  37.6,  38.8,  36.8,  39.8,  44.6,  49.2,  50.3,  51.1,  51.4,  51.1,  47.5,  43.8,  43.9,  42.7,  44.7,  42.6,  43.4,  43.5,  421.4,  419.1,  416.5,  413.4,  408.4,  401.1,  391.1,  377.9,  373.2,  378.9,  393.1,  404.9,  410.0,  411.1,  413.0,  415.0,  418.6,  392.4,  386.5,  378.6,  370.8,  364.2,  363.0,  369.4,  376.0,  383.1,  390.3,  366.0,  358.8,  351.3,  344.4,  359.7,  356.6,  354.1,  356.2,  359.1,  384.6,  380.8,  378.8,  377.1,  377.1,  379.1,  376.4,  378.5,  380.1,  383.5,  378.4,  376.7,  374.7,  363.4,  357.5,  356.6,  356.8,  363.0,  374.3,  360.0,  352.0,  351.4,  352.7,  360.3,  371.9,  358.5,  357.5,  357.8,  370.5,  355.5,  354.3,  355.9, 0.00, 0.00, 0.00, 0.00, 0.00, 0.00, 0.00, 0.00, 0.00, 0.02, 0.00, 0.00, 0.03, 0.00, 0.09, 0.00, 0.02, 0.00, 0.00, 0.00, 1.00, 0.00, 0.00, 0.00, 0.00, 0.00, 1.00, 0.00, 0.00, 0.00, 1.00, 0.00, 0.00, 0.00, 0.00
44,  0,  1.433,  0.98,  1,  7.0,  17.0,  369.2,  -0.063,  0.007,  -0.034,  231.7,  234.9,  240.3,  246.7,  256.7,  271.9,  289.6,  310.9,  333.7,  354.7,  373.0,  389.4,  402.8,  411.0,  415.0,  418.3,  420.1,  242.0,  253.5,  270.7,  289.1,  306.6,  347.4,  364.9,  381.9,  398.4,  409.9,  328.3,  329.4,  330.4,  331.6,  311.3,  321.4,  331.5,  341.5,  350.4,  265.3,  276.0,  290.4,  302.0,  290.1,  275.9,  353.4,  364.6,  378.7,  389.5,  380.6,  366.9,  293.5,  309.2,  322.6,  331.8,  341.4,  354.9,  368.7,  355.7,  342.9,  332.5,  322.7,  308.9,  299.5,  322.7,  332.0,  341.9,  363.0,  341.6,  331.8,  322.3,  221.7,  248.9,  275.2,  300.0,  321.8,  339.9,  353.6,  362.8,  364.2,  361.4,  352.1,  338.1,  318.9,  295.0,  269.2,  242.7,  215.9,  197.3,  182.7,  176.3,  175.9,  179.7,  177.4,  171.3,  170.2,  174.6,  187.0,  205.9,  223.2,  240.2,  257.8,  272.1,  274.9,  277.1,  273.7,  270.1,  217.1,  208.8,  208.3,  216.1,  220.5,  221.5,  213.7,  204.4,  203.9,  210.8,  216.1,  216.8,  305.7,  299.3,  295.6,  297.5,  294.7,  297.6,  301.8,  310.9,  314.2,  315.5,  315.4,  313.1,  305.9,  303.8,  304.3,  302.6,  302.7,  302.6,  303.9,  303.6,  -74.3,  -71.4,  -66.7,  -61.0,  -52.0,  -38.8,  -23.9,  -6.9,  10.3,  26.5,  42.1,  56.7,  68.4,  75.2,  78.8,  81.7,  83.8,  -61.2,  -51.3,  -37.2,  -22.8,  -9.7,  19.8,  33.0,  46.4,  59.9,  70.1,  6.0,  6.7,  7.3,  8.0,  -6.3,  1.0,  8.1,  15.3,  21.9,  -42.0,  -33.4,  -22.4,  -13.6,  -22.6,  -33.4,  25.1,  33.8,  44.5,  53.2,  45.8,  35.3,  -19.9,  -7.9,  1.9,  8.5,  15.4,  25.4,  36.7,  25.9,  16.3,  8.8,  1.9,  -8.1,  -15.3,  1.9,  8.7,  15.7,  32.0,  15.5,  8.4,  1.6,  -15.4,  7.5,  29.4,  49.9,  67.1,  80.5,  89.2,  93.3,  93.4,  92.9,  88.9,  80.1,  65.2,  45.5,  24.2,  2.3,  -20.2,  -33.4,  -44.2,  -48.0,  -47.4,  -43.7,  -45.3,  -50.6,  -52.3,  -50.0,  -41.3,  -24.9,  -12.1,  0.2,  12.3,  23.2,  24.9,  26.3,  24.0,  21.7,  -17.6,  -23.7,  -24.0,  -18.0,  -14.7,  -14.0,  -19.8,  -26.9,  -27.4,  -22.4,  -18.1,  -17.4,  49.4,  43.3,  39.9,  41.2,  39.3,  42.0,  46.5,  51.4,  52.7,  53.4,  53.6,  53.0,  49.2,  46.0,  46.2,  45.1,  46.6,  44.8,  45.6,  45.6,  421.0,  419.5,  418.0,  415.5,  410.4,  402.9,  392.8,  380.0,  375.9,  382.3,  396.8,  408.5,  413.2,  413.6,  414.6,  415.6,  418.3,  391.8,  385.4,  377.3,  369.3,  362.6,  361.7,  368.0,  374.7,  382.1,  389.9,  364.9,  358.1,  351.0,  344.5,  360.5,  357.4,  354.8,  356.8,  359.7,  384.0,  380.3,  378.4,  376.9,  377.0,  378.9,  376.0,  378.0,  379.5,  383.1,  378.2,  376.6,  375.9,  364.8,  359.2,  358.3,  358.5,  364.7,  376.0,  362.4,  354.9,  354.0,  355.2,  362.3,  373.1,  360.2,  359.4,  359.8,  372.2,  357.8,  356.6,  358.0, 0.05, 0.00, 0.00, 0.00, 0.00, 0.00, 0.00, 0.00, 0.00, 0.03, 0.00, 0.00, 0.16, 0.00, 0.11, 0.05, 0.02, 0.00, 0.00, 0.00, 1.00, 0.00, 0.00, 0.00, 0.00, 0.00, 1.00, 0.00, 0.00, 0.00, 1.00, 0.00, 0.00, 0.00, 0.00
45,  0,  1.467,  0.98,  1,  7.3,  19.5,  372.7,  -0.042,  0.001,  -0.039,  232.0,  235.3,  240.8,  247.2,  257.2,  272.5,  290.2,  311.7,  334.4,  354.9,  372.9,  389.3,  402.7,  410.9,  414.9,  418.2,  420.0,  242.1,  253.7,  270.9,  289.3,  306.7,  347.6,  365.1,  382.0,  398.3,  410.0,  328.5,  329.7,  330.8,  332.1,  311.8,  321.9,  332.0,  341.9,  350.9,  265.4,  276.1,  290.7,  302.2,  290.3,  275.9,  353.8,  364.7,  378.9,  389.6,  381.0,  367.2,  294.5,  310.1,  323.4,  332.5,  342.1,  355.4,  369.0,  356.4,  343.8,  333.4,  323.6,  309.9,  300.5,  323.4,  332.8,  342.6,  363.3,  342.3,  332.6,  323.1,  223.9,  250.8,  276.8,  301.5,  323.2,  341.6,  355.7,  365.3,  366.6,  363.5,  353.5,  339.1,  319.9,  296.0,  270.4,  243.8,  216.8,  200.7,  186.2,  180.1,  179.7,  183.5,  180.9,  174.7,  173.4,  177.5,  189.6,  210.0,  227.3,  244.5,  262.1,  276.1,  278.9,  281.1,  277.6,  274.0,  220.9,  212.4,  211.9,  220.2,  224.8,  225.7,  217.2,  207.4,  206.7,  213.7,  219.4,  220.4,  309.4,  303.0,  299.3,  301.1,  298.2,  300.8,  304.7,  314.0,  317.6,  319.0,  319.0,  316.7,  309.5,  307.5,  307.9,  306.1,  305.7,  306.0,  307.5,  307.3,  -74.2,  -71.3,  -66.5,  -60.8,  -51.9,  -38.6,  -23.7,  -6.4,  11.0,  27.1,  42.4,  57.1,  68.8,  75.7,  79.2,  82.1,  84.1,  -61.2,  -51.2,  -37.1,  -22.8,  -9.7,  20.1,  33.4,  46.6,  60.1,  70.4,  6.2,  7.0,  7.7,  8.4,  -6.0,  1.4,  8.6,  15.8,  22.5,  -42.1,  -33.5,  -22.3,  -13.5,  -22.5,  -33.6,  25.6,  34.0,  45.0,  53.7,  46.4,  35.8,  -19.4,  -7.3,  2.5,  9.1,  16.0,  26.1,  37.3,  26.7,  17.1,  9.6,  2.6,  -7.4,  -14.7,  2.5,  9.3,  16.4,  32.6,  16.2,  9.1,  2.2,  -13.6,  9.1,  30.9,  51.3,  68.8,  82.6,  92.0,  96.6,  96.5,  95.6,  91.0,  81.7,  66.5,  46.7,  25.3,  3.2,  -19.5,  -30.8,  -41.5,  -45.3,  -44.7,  -41.2,  -43.0,  -48.3,  -50.1,  -48.0,  -39.4,  -22.0,  -9.2,  3.2,  15.4,  26.3,  28.1,  29.5,  27.1,  24.7,  -14.7,  -21.1,  -21.3,  -15.0,  -11.5,  -10.9,  -17.2,  -24.8,  -25.4,  -20.3,  -15.7,  -14.9,  52.7,  46.4,  43.1,  44.3,  42.2,  44.8,  49.2,  54.3,  55.7,  56.6,  56.7,  56.2,  52.4,  49.2,  49.4,  48.1,  49.4,  47.8,  48.7,  48.7,  421.6,  420.7,  419.6,  417.6,  413.3,  406.6,  397.6,  385.3,  381.1,  387.2,  400.8,  412.0,  416.4,  416.5,  417.3,  418.2,  420.4,  392.4,  385.9,  377.9,  370.3,  364.2,  363.6,  369.8,  376.3,  383.5,  391.4,  367.1,  361.0,  354.4,  348.6,  364.1,  361.2,  358.9,  360.8,  363.5,  385.6,  381.8,  379.9,  378.6,  378.8,  380.7,  378.2,  380.1,  381.7,  385.5,  380.7,  378.9,  379.5,  368.6,  363.2,  362.4,  362.6,  368.9,  380.1,  366.7,  358.9,  358.1,  359.3,  366.2,  376.8,  364.3,  363.5,  363.8,  376.2,  361.7,  360.5,  361.9, 0.10, 0.00, 0.00, 0.00, 0.00, 0.00, 0.00, 0.00, 0.00, 0.03, 0.04, 0.06, 0.22, 0.00, 0.15, 0.14, 0.02, 0.00, 0.00, 0.00, 1.00, 0.00, 0.00, 0.00, 0.00, 0.00, 1.00, 0.00, 0.00, 0.00, 1.00, 0.00, 0.00, 0.00, 0.00
46,  0,  1.500,  0.98,  1,  7.4,  21.9,  372.1,  -0.014,  0.002,  -0.042,  232.2,  235.5,  241.0,  247.5,  257.3,  272.5,  290.5,  312.2,  335.0,  355.5,  373.3,  389.5,  402.7,  410.8,  414.9,  418.3,  420.0,  242.0,  253.6,  270.8,  289.1,  306.7,  347.4,  364.9,  381.8,  398.3,  410.1,  328.5,  329.7,  330.9,  332.1,  311.9,  322.0,  332.1,  342.0,  350.9,  265.5,  276.3,  291.0,  302.7,  290.7,  276.1,  353.3,  364.5,  378.8,  389.7,  381.0,  367.1,  294.6,  310.3,  323.5,  332.5,  341.9,  355.0,  368.7,  355.9,  343.5,  333.3,  323.7,  310.1,  300.6,  323.5,  332.7,  342.4,  363.0,  342.1,  332.5,  323.2,  225.8,  252.7,  278.5,  303.2,  325.1,  343.8,  358.4,  368.4,  369.6,  366.0,  355.4,  340.4,  320.9,  297.0,  271.3,  244.8,  217.7,  203.9,  189.7,  183.8,  183.6,  187.5,  184.7,  178.3,  176.8,  180.6,  192.5,  213.9,  231.4,  248.7,  266.5,  280.2,  283.0,  285.2,  281.6,  278.0,  224.2,  215.7,  215.3,  223.9,  228.5,  229.5,  220.9,  210.6,  209.9,  216.8,  222.9,  224.0,  312.5,  306.8,  303.3,  305.1,  302.2,  304.5,  307.8,  317.4,  321.1,  322.5,  322.5,  320.1,  312.7,  311.2,  311.7,  309.9,  308.9,  309.6,  311.1,  310.9,  -73.9,  -71.0,  -66.2,  -60.6,  -51.9,  -38.8,  -23.7,  -6.0,  11.5,  27.6,  42.9,  57.4,  69.0,  75.7,  79.4,  82.3,  84.1,  -60.9,  -50.9,  -36.9,  -22.7,  -9.6,  19.7,  32.9,  46.1,  59.6,  70.2,  6.2,  6.9,  7.7,  8.4,  -5.9,  1.4,  8.7,  15.8,  22.4,  -41.8,  -33.2,  -21.9,  -13.0,  -22.1,  -33.3,  25.1,  33.6,  44.6,  53.5,  46.2,  35.5,  -19.2,  -7.1,  2.5,  9.0,  15.9,  25.7,  37.0,  26.3,  16.8,  9.5,  2.7,  -7.3,  -14.6,  2.6,  9.2,  16.3,  32.3,  15.9,  9.0,  2.3,  -11.9,  10.6,  32.3,  52.8,  70.5,  84.8,  94.7,  99.6,  99.4,  98.1,  92.9,  83.0,  67.5,  47.5,  26.2,  4.0,  -18.7,  -28.2,  -38.6,  -42.1,  -41.4,  -37.9,  -39.7,  -45.1,  -47.2,  -45.2,  -37.0,  -19.0,  -6.2,  6.2,  18.4,  29.1,  30.9,  32.3,  29.9,  27.5,  -12.1,  -18.4,  -18.6,  -12.1,  -8.7,  -8.0,  -14.4,  -22.2,  -22.9,  -17.8,  -12.9,  -12.0,  55.0,  49.2,  45.9,  47.1,  45.0,  47.5,  51.5,  56.6,  58.1,  59.0,  59.2,  58.6,  54.8,  51.8,  52.0,  50.7,  51.7,  50.3,  51.2,  51.2,  420.8,  420.1,  419.1,  417.4,  414.1,  408.6,  400.2,  387.9,  383.5,  389.2,  402.5,  413.1,  417.2,  417.1,  417.9,  418.5,  420.5,  390.5,  383.5,  375.0,  367.0,  360.6,  359.6,  366.0,  372.9,  380.8,  389.4,  364.4,  358.4,  352.0,  346.2,  362.8,  359.9,  357.6,  359.4,  362.1,  384.0,  379.7,  377.7,  376.5,  376.8,  378.8,  375.9,  377.6,  379.3,  383.5,  378.5,  376.6,  379.5,  368.1,  362.4,  361.6,  361.6,  368.0,  379.6,  365.9,  358.2,  357.6,  358.9,  366.0,  376.7,  363.7,  362.8,  363.1,  375.7,  360.8,  359.8,  361.3, 0.12, 0.00, 0.00, 0.00, 0.00, 0.00, 0.00, 0.00, 0.00, 0.02, 0.04, 0.07, 0.27, 0.00, 0.20, 0.14, 0.00, 0.00, 0.00, 0.00, 1.00, 0.00, 0.00, 0.00, 0.00, 0.00, 1.00, 0.00, 0.00, 0.00, 1.00, 0.00, 0.00, 0.00, 0.00
47,  0,  1.533,  0.98,  1,  7.3,  23.9,  374.5,  0.003,  0.003,  -0.043,  232.0,  235.6,  241.3,  247.7,  257.5,  272.6,  290.2,  311.9,  334.7,  355.2,  373.1,  389.3,  402.5,  410.6,  414.7,  418.1,  420.0,  241.9,  253.4,  270.7,  289.0,  306.5,  347.4,  365.0,  381.8,  398.3,  410.1,  328.3,  329.5,  330.7,  332.0,  311.8,  321.9,  332.0,  341.8,  350.7,  265.4,  276.1,  290.7,  302.2,  290.4,  275.9,  353.6,  364.6,  378.8,  389.5,  380.9,  367.1,  294.9,  310.3,  323.3,  332.3,  341.8,  354.8,  368.3,  355.7,  343.3,  333.0,  323.4,  310.1,  300.9,  323.3,  332.5,  342.2,  362.6,  341.9,  332.3,  322.9,  227.6,  254.4,  280.1,  304.6,  326.5,  345.2,  360.0,  370.4,  371.7,  368.0,  357.1,  341.8,  322.1,  298.1,  272.4,  245.9,  218.7,  206.5,  192.4,  186.7,  186.6,  190.4,  187.7,  181.2,  179.5,  183.1,  194.6,  216.6,  234.4,  252.1,  270.2,  283.0,  285.9,  288.3,  284.6,  280.8,  226.6,  218.2,  217.8,  226.2,  230.9,  231.8,  223.1,  212.9,  212.1,  218.9,  225.1,  226.2,  315.2,  309.6,  306.3,  308.1,  305.2,  307.3,  310.5,  320.0,  323.8,  325.1,  325.1,  322.7,  315.4,  314.2,  314.7,  312.8,  311.6,  312.4,  313.9,  313.6,  -74.1,  -71.1,  -66.3,  -60.7,  -52.0,  -38.9,  -24.0,  -6.3,  11.3,  27.6,  43.0,  57.6,  69.1,  75.8,  79.3,  82.1,  84.0,  -61.1,  -51.1,  -37.1,  -22.8,  -9.8,  19.7,  33.0,  46.2,  59.6,  70.1,  6.1,  6.9,  7.6,  8.4,  -6.0,  1.4,  8.6,  15.8,  22.4,  -42.0,  -33.5,  -22.2,  -13.4,  -22.4,  -33.5,  25.3,  33.7,  44.7,  53.4,  46.2,  35.6,  -19.2,  -7.2,  2.4,  9.0,  15.9,  25.8,  36.9,  26.3,  16.8,  9.4,  2.5,  -7.3,  -14.5,  2.4,  9.2,  16.3,  32.3,  15.9,  8.9,  2.1,  -10.5,  12.1,  33.7,  54.2,  72.0,  86.4,  96.6,  101.8,  101.7,  100.3,  94.9,  84.6,  68.8,  48.6,  27.1,  4.9,  -17.9,  -26.2,  -36.6,  -40.0,  -39.3,  -35.8,  -37.7,  -43.1,  -45.2,  -43.3,  -35.3,  -17.1,  -4.0,  8.6,  21.1,  31.4,  33.3,  34.8,  32.3,  29.7,  -10.3,  -16.6,  -16.9,  -10.5,  -6.9,  -6.3,  -12.8,  -20.5,  -21.2,  -16.2,  -11.3,  -10.4,  57.5,  51.6,  48.5,  49.7,  47.6,  50.0,  53.9,  59.1,  60.6,  61.5,  61.6,  61.0,  57.2,  54.4,  54.7,  53.3,  54.2,  52.7,  53.6,  53.6,  421.4,  421.2,  420.8,  419.5,  416.2,  410.6,  402.5,  390.5,  386.1,  391.8,  405.0,  415.4,  419.1,  418.4,  418.5,  418.5,  419.8,  391.3,  384.0,  375.6,  367.7,  361.4,  360.7,  366.8,  373.2,  380.8,  389.3,  365.5,  360.1,  354.3,  349.3,  365.4,  362.6,  360.4,  362.0,  364.5,  385.0,  380.8,  378.8,  377.7,  378.1,  380.2,  377.0,  378.4,  380.0,  384.1,  379.5,  377.7,  382.0,  371.1,  365.7,  364.9,  364.8,  371.0,  382.0,  369.0,  361.6,  361.0,  362.2,  369.0,  379.3,  366.9,  366.0,  366.1,  378.2,  363.9,  362.9,  364.4, 0.08, 0.01, 0.03, 0.00, 0.00, 0.00, 0.00, 0.00, 0.00, 0.00, 0.04, 0.09, 0.14, 0.00, 0.22, 0.10, 0.00, 0.00, 0.00, 0.00, 1.00, 0.00, 0.00, 0.00, 0.00, 0.00, 1.00, 0.00, 0.00, 0.00, 1.00, 0.00, 0.00, 0.00, 0.00
48,  0,  1.567,  0.98,  1,  7.3,  24.6,  373.3,  0.010,  -0.001,  -0.042,  232.0,  235.5,  241.1,  247.6,  257.3,  272.2,  289.8,  311.3,  334.2,  355.0,  372.9,  388.9,  402.1,  410.3,  414.5,  418.0,  419.9,  241.8,  253.1,  270.4,  288.9,  306.7,  347.4,  365.0,  381.9,  398.3,  409.9,  328.3,  329.6,  330.9,  332.2,  311.8,  321.9,  332.1,  342.0,  350.9,  265.4,  276.0,  290.3,  301.9,  290.2,  276.0,  353.7,  364.7,  378.7,  389.3,  380.6,  367.1,  295.2,  310.4,  323.3,  332.4,  341.9,  354.7,  367.9,  355.7,  343.5,  333.2,  323.5,  310.2,  301.2,  323.3,  332.6,  342.4,  362.3,  342.1,  332.4,  323.0,  228.5,  255.5,  281.2,  305.6,  327.4,  345.9,  360.5,  370.9,  372.4,  368.8,  357.9,  342.6,  322.9,  298.8,  273.1,  246.6,  219.6,  207.4,  193.5,  187.8,  187.8,  191.8,  189.3,  182.9,  181.1,  184.5,  195.7,  217.4,  235.5,  253.6,  272.0,  283.9,  287.0,  289.5,  285.7,  281.7,  226.8,  218.9,  218.4,  226.2,  230.7,  231.7,  223.5,  214.0,  213.3,  219.6,  225.5,  226.5,  316.4,  310.9,  307.7,  309.6,  306.8,  309.0,  312.1,  321.6,  325.4,  326.7,  326.6,  324.1,  316.7,  315.5,  316.1,  314.4,  313.3,  313.7,  315.2,  314.8,  -73.8,  -70.9,  -66.2,  -60.7,  -52.2,  -39.2,  -24.2,  -6.7,  11.0,  27.4,  42.8,  57.3,  69.0,  75.7,  79.1,  81.9,  83.7,  -61.0,  -51.2,  -37.1,  -22.7,  -9.6,  19.6,  32.8,  46.0,  59.3,  69.7,  6.1,  6.9,  7.7,  8.5,  -6.0,  1.3,  8.7,  15.9,  22.4,  -41.9,  -33.3,  -22.4,  -13.6,  -22.5,  -33.3,  25.3,  33.7,  44.4,  53.0,  45.8,  35.4,  -18.8,  -7.1,  2.4,  9.0,  15.9,  25.7,  36.4,  26.3,  17.0,  9.5,  2.5,  -7.2,  -14.2,  2.4,  9.2,  16.3,  31.9,  16.0,  9.0,  2.2,  -9.6,  13.0,  34.6,  55.0,  72.6,  86.8,  96.6,  101.8,  101.9,  100.8,  95.5,  85.4,  69.6,  49.3,  27.7,  5.5,  -17.1,  -25.4,  -35.6,  -39.0,  -38.1,  -34.6,  -36.4,  -41.7,  -43.8,  -42.1,  -34.4,  -16.4,  -3.2,  9.6,  22.2,  31.9,  33.9,  35.5,  32.9,  30.3,  -10.1,  -16.0,  -16.3,  -10.3,  -7.0,  -6.3,  -12.4,  -19.6,  -20.2,  -15.6,  -10.9,  -10.1,  58.1,  52.4,  49.3,  50.6,  48.6,  51.0,  54.9,  60.0,  61.7,  62.5,  62.6,  61.9,  57.9,  55.2,  55.5,  54.3,  55.2,  53.5,  54.5,  54.4,  419.3,  419.6,  419.9,  419.0,  415.7,  409.8,  400.9,  388.9,  384.9,  391.3,  405.2,  416.0,  420.1,  419.3,  418.7,  418.0,  418.9,  390.1,  382.4,  373.8,  365.7,  358.9,  358.7,  364.8,  371.4,  379.0,  387.8,  363.4,  358.0,  352.2,  347.1,  363.6,  360.7,  358.4,  360.2,  362.7,  383.1,  378.9,  376.9,  375.9,  376.3,  378.4,  375.2,  376.6,  378.2,  382.3,  377.8,  376.1,  380.2,  369.6,  364.3,  363.5,  363.5,  369.7,  380.4,  368.0,  361.1,  360.4,  361.6,  368.0,  377.3,  365.7,  364.9,  365.1,  376.7,  363.1,  362.1,  363.6, 0.02, 0.01, 0.03, 0.00, 0.00, 0.00, 0.00, 0.00, 0.00, 0.00, 0.02, 0.04, 0.05, 0.00, 0.25, 0.02, 0.00, 0.00, 0.00, 0.00, 1.00, 0.00, 0.00, 0.00, 0.00, 0.00, 1.00, 0.00, 0.00, 0.00, 1.00, 0.00, 0.00, 0.00, 0.00
49,  0,  1.600,  0.98,  1,  7.2,  24.9,  375.0,  0.003,  -0.001,  -0.043,  231.8,  235.5,  241.1,  247.5,  257.1,  272.0,  289.7,  311.4,  334.2,  354.9,  372.8,  389.0,  402.2,  410.3,  414.4,  417.9,  419.8,  241.5,  252.9,  270.3,  288.7,  306.5,  347.2,  364.9,  381.8,  398.2,  409.9,  328.2,  329.5,  330.7,  332.0,  311.7,  321.8,  331.9,  341.8,  350.7,  265.2,  275.8,  290.4,  301.8,  290.1,  275.7,  353.8,  364.7,  378.8,  389.5,  380.9,  367.2,  295.2,  310.4,  323.2,  332.3,  341.8,  354.7,  367.9,  355.6,  343.4,  333.1,  323.4,  310.2,  301.2,  323.2,  332.5,  342.3,  362.2,  341.9,  332.3,  322.8,  229.4,  256.1,  281.6,  305.8,  327.5,  346.1,  360.7,  371.1,  372.5,  368.8,  358.0,  342.8,  323.1,  299.2,  273.5,  246.9,  219.7,  207.9,  193.7,  188.0,  187.8,  191.7,  189.2,  182.7,  180.9,  184.4,  195.9,  217.8,  235.8,  253.7,  272.0,  284.3,  287.3,  289.7,  286.0,  282.1,  227.5,  219.1,  218.6,  227.0,  231.7,  232.6,  223.9,  213.9,  213.2,  219.9,  226.0,  227.1,  316.8,  310.9,  307.6,  309.4,  306.6,  308.8,  312.2,  321.6,  325.4,  326.8,  326.7,  324.3,  317.0,  315.6,  316.1,  314.3,  313.2,  313.8,  315.3,  315.0,  -74.2,  -71.1,  -66.4,  -60.9,  -52.4,  -39.4,  -24.4,  -6.7,  11.0,  27.3,  42.8,  57.4,  69.0,  75.7,  79.2,  82.0,  83.8,  -61.4,  -51.6,  -37.4,  -23.0,  -9.8,  19.7,  33.0,  46.2,  59.6,  70.0,  6.0,  6.8,  7.6,  8.4,  -6.1,  1.3,  8.6,  15.8,  22.4,  -42.2,  -33.7,  -22.5,  -13.7,  -22.6,  -33.7,  25.5,  33.8,  44.7,  53.4,  46.3,  35.7,  -19.0,  -7.2,  2.3,  9.0,  15.9,  25.8,  36.6,  26.3,  17.0,  9.5,  2.4,  -7.3,  -14.3,  2.3,  9.2,  16.3,  32.0,  16.0,  8.9,  2.1,  -9.0,  13.6,  35.0,  55.2,  72.8,  87.1,  97.1,  102.3,  102.3,  101.0,  95.7,  85.5,  69.8,  49.6,  28.0,  5.8,  -17.0,  -25.1,  -35.6,  -39.1,  -38.4,  -34.9,  -36.7,  -42.1,  -44.1,  -42.3,  -34.3,  -16.2,  -3.0,  9.7,  22.4,  32.4,  34.4,  35.9,  33.4,  30.8,  -9.6,  -15.9,  -16.2,  -9.8,  -6.3,  -5.6,  -12.1,  -19.7,  -20.4,  -15.5,  -10.6,  -9.8,  58.6,  52.7,  49.5,  50.7,  48.7,  51.1,  55.1,  60.4,  62.0,  62.8,  62.9,  62.3,  58.3,  55.6,  55.8,  54.5,  55.4,  53.9,  54.8,  54.8,  420.5,  420.7,  420.7,  419.6,  416.3,  410.5,  402.1,  390.2,  386.0,  392.1,  405.5,  416.0,  420.0,  419.4,  419.2,  418.8,  419.7,  391.4,  384.1,  375.7,  367.9,  361.6,  361.5,  367.3,  373.6,  380.8,  389.1,  365.9,  360.6,  355.0,  350.1,  365.8,  363.1,  361.0,  362.6,  365.0,  384.9,  380.8,  378.8,  377.8,  378.2,  380.3,  377.3,  378.6,  380.3,  384.4,  379.9,  378.1,  381.7,  371.4,  366.2,  365.4,  365.4,  371.5,  382.0,  369.7,  362.6,  361.9,  363.1,  369.5,  379.1,  367.5,  366.7,  366.8,  378.2,  364.7,  363.7,  365.2, 0.00, 0.01, 0.03, 0.00, 0.00, 0.00, 0.00, 0.00, 0.00, 0.00, 0.02, 0.04, 0.00, 0.00, 0.31, 0.03, 0.00, 0.00, 0.00, 0.00, 1.00, 0.00, 0.00, 0.00, 0.00, 0.00, 1.00, 0.00, 0.00, 0.00, 1.00, 0.00, 0.00, 0.00, 0.00
50,  0,  1.633,  0.98,  1,  6.7,  23.6,  373.0,  -0.019,  0.005,  -0.042,  231.5,  235.1,  240.8,  247.3,  257.0,  271.8,  289.3,  310.7,  333.4,  354.1,  372.2,  388.7,  402.1,  410.3,  414.5,  417.9,  419.7,  240.9,  252.4,  269.8,  288.1,  305.5,  346.7,  364.3,  381.3,  397.9,  409.6,  327.5,  328.7,  329.8,  331.0,  310.9,  320.9,  331.0,  340.9,  349.8,  264.3,  274.9,  289.7,  301.3,  289.4,  274.7,  353.1,  364.0,  378.4,  389.2,  380.6,  366.6,  294.6,  309.6,  322.3,  331.4,  340.9,  353.8,  367.1,  354.8,  342.5,  332.2,  322.4,  309.3,  300.7,  322.3,  331.7,  341.4,  361.3,  341.1,  331.4,  321.9,  228.7,  255.6,  281.3,  305.7,  327.4,  345.9,  360.3,  370.3,  371.6,  368.2,  357.7,  342.6,  323.0,  299.0,  273.2,  246.5,  219.3,  205.9,  191.6,  185.8,  185.6,  189.4,  186.8,  180.3,  178.7,  182.5,  194.4,  215.8,  233.7,  251.4,  269.5,  282.5,  285.4,  287.7,  284.1,  280.4,  225.9,  217.2,  216.7,  225.5,  230.2,  231.1,  222.3,  212.0,  211.2,  218.3,  224.4,  225.5,  315.7,  309.1,  305.4,  307.3,  304.4,  307.0,  311.1,  320.2,  323.8,  325.2,  325.1,  322.8,  315.8,  313.7,  314.2,  312.4,  312.0,  312.1,  313.6,  313.3,  -74.4,  -71.3,  -66.4,  -60.8,  -52.2,  -39.4,  -24.6,  -7.2,  10.2,  26.5,  42.0,  56.8,  68.4,  75.2,  78.8,  81.7,  83.5,  -61.9,  -51.9,  -37.8,  -23.5,  -10.5,  19.3,  32.6,  45.8,  59.3,  69.7,  5.5,  6.2,  6.9,  7.7,  -6.6,  0.7,  7.9,  15.1,  21.7,  -42.9,  -34.3,  -22.9,  -14.1,  -23.2,  -34.4,  24.9,  33.3,  44.3,  53.1,  45.9,  35.2,  -19.3,  -7.7,  1.7,  8.3,  15.2,  25.0,  35.7,  25.5,  16.2,  8.7,  1.8,  -7.8,  -14.6,  1.7,  8.5,  15.6,  31.0,  15.3,  8.2,  1.4,  -9.5,  13.1,  34.6,  54.9,  72.5,  86.5,  96.3,  101.2,  100.9,  99.7,  94.6,  84.7,  69.2,  49.2,  27.7,  5.5,  -17.3,  -26.7,  -37.2,  -40.7,  -40.1,  -36.6,  -38.5,  -43.8,  -45.8,  -43.8,  -35.5,  -17.7,  -4.6,  8.1,  20.6,  30.9,  32.8,  34.3,  31.8,  29.3,  -10.9,  -17.4,  -17.6,  -10.9,  -7.4,  -6.8,  -13.3,  -21.2,  -21.9,  -16.7,  -11.8,  -10.9,  57.5,  51.0,  47.6,  48.8,  46.7,  49.4,  53.9,  58.9,  60.3,  61.2,  61.4,  60.8,  57.1,  53.8,  54.0,  52.7,  54.1,  52.2,  53.2,  53.2,  420.3,  420.0,  419.4,  417.9,  414.5,  408.6,  400.2,  388.0,  383.3,  389.0,  402.1,  412.8,  417.1,  416.7,  417.2,  417.4,  418.8,  391.1,  384.1,  375.8,  368.1,  361.9,  361.2,  367.2,  373.4,  380.6,  388.7,  365.6,  359.9,  353.9,  348.6,  364.3,  361.4,  359.2,  360.8,  363.2,  384.7,  380.5,  378.4,  377.2,  377.7,  379.9,  376.5,  378.0,  379.6,  383.7,  379.0,  377.2,  379.6,  369.0,  363.7,  362.8,  362.7,  368.9,  379.4,  366.9,  359.8,  359.3,  360.6,  367.1,  376.8,  365.0,  364.0,  364.1,  375.6,  362.1,  361.2,  362.8, 0.00, 0.00, 0.00, 0.00, 0.00, 0.00, 0.00, 0.00, 0.00, 0.00, 0.04, 0.06, 0.00, 0.00, 0.34, 0.02, 0.00, 0.00, 0.00, 0.00, 1.00, 0.00, 0.00, 0.00, 0.00, 0.00, 0.00, 0.00, 0.00, 0.00, 1.00, 0.00, 0.00, 0.00, 0.00
51,  0,  1.667,  0.98,  1,  6.3,  21.6,  370.3,  -0.038,  0.014,  -0.040,  231.3,  234.8,  240.4,  246.9,  256.6,  271.4,  288.9,  310.2,  333.1,  354.2,  372.6,  389.1,  402.2,  410.2,  414.4,  418.0,  419.8,  240.9,  252.1,  269.4,  287.7,  305.2,  346.2,  363.8,  380.8,  397.4,  409.1,  327.2,  328.1,  329.1,  330.1,  310.0,  320.1,  330.2,  340.2,  349.2,  264.3,  275.0,  289.5,  301.0,  289.2,  274.8,  352.6,  363.8,  378.0,  388.8,  379.9,  366.1,  294.0,  308.6,  321.4,  330.6,  340.3,  353.2,  366.3,  354.0,  341.8,  331.3,  321.4,  308.4,  300.0,  321.4,  330.9,  340.8,  360.4,  340.5,  330.6,  321.1,  226.9,  254.3,  280.4,  305.2,  327.0,  345.2,  359.0,  368.2,  369.3,  366.0,  355.9,  341.3,  321.9,  298.0,  272.3,  245.8,  218.9,  203.3,  188.7,  182.6,  182.5,  186.5,  184.1,  177.9,  176.3,  180.2,  192.2,  212.7,  230.5,  248.2,  266.3,  279.4,  282.3,  284.6,  281.1,  277.4,  222.7,  214.4,  213.9,  222.3,  226.6,  227.6,  219.6,  209.9,  209.3,  216.1,  221.9,  222.8,  313.5,  306.5,  302.6,  304.5,  301.7,  304.7,  309.3,  318.1,  321.6,  322.9,  322.8,  320.6,  313.5,  311.0,  311.5,  309.8,  310.2,  309.5,  311.0,  310.7,  -74.5,  -71.5,  -66.7,  -61.0,  -52.4,  -39.5,  -24.6,  -7.5,  9.9,  26.3,  42.0,  56.7,  68.2,  74.8,  78.3,  81.3,  83.2,  -61.9,  -52.1,  -38.0,  -23.7,  -10.7,  18.8,  32.0,  45.3,  58.7,  69.0,  5.2,  5.8,  6.4,  7.0,  -7.2,  0.1,  7.3,  14.5,  21.0,  -42.7,  -34.1,  -23.0,  -14.3,  -23.2,  -34.2,  24.5,  33.0,  43.8,  52.5,  45.2,  34.6,  -19.5,  -8.3,  1.0,  7.6,  14.6,  24.2,  34.8,  24.7,  15.6,  8.1,  1.0,  -8.5,  -14.9,  1.0,  7.8,  15.0,  30.1,  14.7,  7.6,  0.8,  -11.0,  12.0,  33.9,  54.4,  71.9,  85.5,  94.3,  98.3,  98.0,  97.1,  92.5,  83.1,  67.9,  48.1,  26.8,  4.8,  -17.6,  -28.7,  -39.4,  -43.1,  -42.3,  -38.6,  -40.2,  -45.4,  -47.4,  -45.4,  -37.0,  -19.9,  -6.8,  5.8,  18.2,  28.5,  30.3,  31.8,  29.4,  27.0,  -13.3,  -19.4,  -19.7,  -13.3,  -10.1,  -9.4,  -15.3,  -22.7,  -23.2,  -18.2,  -13.7,  -12.9,  55.3,  48.7,  45.1,  46.4,  44.3,  47.3,  52.1,  56.7,  58.2,  59.0,  59.2,  58.6,  54.9,  51.4,  51.6,  50.4,  52.2,  50.0,  50.8,  50.9,  420.2,  419.7,  419.1,  417.4,  413.3,  406.4,  396.4,  383.5,  379.0,  385.1,  399.0,  410.2,  414.7,  414.7,  414.9,  415.0,  416.9,  391.2,  384.1,  375.7,  367.5,  360.8,  360.0,  365.8,  372.0,  379.2,  387.1,  364.0,  358.0,  351.5,  345.7,  361.7,  358.7,  356.3,  358.0,  360.5,  383.6,  379.4,  377.3,  375.9,  376.4,  378.6,  374.8,  376.3,  377.7,  381.6,  376.9,  375.3,  376.4,  365.7,  360.4,  359.4,  359.5,  365.4,  375.6,  363.4,  356.8,  356.2,  357.5,  363.8,  373.5,  361.8,  360.8,  361.0,  371.9,  359.2,  358.2,  359.8, 0.00, 0.00, 0.00, 0.00, 0.00, 0.00, 0.00, 0.00, 0.00, 0.00, 0.05, 0.06, 0.00, 0.00, 0.33, 0.00, 0.00, 0.00, 0.00, 0.00, 1.00, 0.00, 0.00, 0.00, 0.00, 0.00, 0.00, 0.00, 0.00, 0.00, 1.00, 0.00, 0.00, 0.00, 0.00
52,  0,  1.700,  0.98,  1,  6.0,  20.2,  370.6,  -0.059,  0.017,  -0.038,  231.3,  234.6,  240.3,  246.6,  256.3,  271.2,  288.6,  309.8,  332.5,  353.4,  372.0,  388.7,  402.0,  410.1,  414.3,  417.8,  419.6,  240.4,  252.1,  269.3,  287.4,  304.7,  345.8,  363.4,  380.5,  397.2,  409.1,  326.7,  327.6,  328.5,  329.4,  309.6,  319.6,  329.6,  339.5,  348.5,  263.6,  274.3,  289.1,  300.7,  288.7,  274.0,  352.2,  363.3,  377.8,  388.7,  379.9,  365.8,  293.3,  308.1,  320.9,  330.0,  339.5,  352.6,  366.1,  353.4,  340.9,  330.6,  320.9,  307.7,  299.3,  320.9,  330.3,  340.0,  360.2,  339.6,  329.9,  320.5,  225.9,  253.3,  279.4,  304.3,  326.0,  344.1,  357.7,  366.6,  367.5,  364.5,  354.8,  340.6,  321.5,  297.6,  271.9,  245.2,  218.1,  201.4,  186.8,  180.7,  180.3,  184.0,  181.5,  175.4,  174.1,  178.1,  190.4,  210.6,  228.1,  245.4,  263.1,  277.3,  280.0,  282.2,  278.8,  275.3,  221.5,  212.7,  212.2,  221.0,  225.6,  226.6,  218.1,  207.8,  207.2,  214.5,  220.4,  221.4,  311.8,  304.4,  300.2,  302.0,  299.1,  302.4,  307.3,  316.0,  319.4,  320.6,  320.6,  318.6,  311.6,  308.8,  309.2,  307.5,  308.1,  307.4,  308.8,  308.6,  -74.8,  -71.8,  -66.9,  -61.2,  -52.5,  -39.6,  -24.9,  -7.8,  9.4,  25.7,  41.3,  56.1,  67.7,  74.5,  78.1,  81.2,  83.2,  -62.5,  -52.5,  -38.4,  -24.1,  -11.1,  18.7,  32.0,  45.3,  58.8,  69.3,  4.9,  5.4,  6.0,  6.5,  -7.5,  -0.3,  6.8,  14.0,  20.6,  -43.5,  -34.8,  -23.4,  -14.6,  -23.7,  -35.0,  24.3,  32.8,  43.9,  52.7,  45.4,  34.5,  -20.1,  -8.7,  0.6,  7.2,  14.0,  23.8,  34.6,  24.3,  14.9,  7.6,  0.6,  -8.9,  -15.5,  0.7,  7.4,  14.4,  29.9,  14.1,  7.1,  0.4,  -11.9,  11.1,  33.1,  53.6,  71.0,  84.5,  93.2,  97.0,  96.4,  95.6,  91.3,  82.2,  67.3,  47.6,  26.4,  4.4,  -18.2,  -30.3,  -41.1,  -44.8,  -44.2,  -40.7,  -42.4,  -47.6,  -49.4,  -47.2,  -38.5,  -21.5,  -8.6,  3.8,  16.1,  27.1,  28.8,  30.1,  27.9,  25.5,  -14.2,  -20.8,  -21.0,  -14.3,  -10.9,  -10.2,  -16.5,  -24.3,  -24.9,  -19.5,  -14.8,  -14.0,  54.1,  47.1,  43.4,  44.6,  42.6,  45.6,  50.6,  55.2,  56.5,  57.4,  57.6,  57.2,  53.6,  49.8,  49.9,  48.7,  50.7,  48.4,  49.3,  49.4,  421.7,  420.5,  419.2,  416.9,  412.6,  405.6,  395.9,  383.1,  378.1,  383.9,  397.3,  408.4,  413.0,  413.3,  414.2,  415.2,  417.5,  392.7,  386.1,  378.0,  370.0,  363.5,  362.4,  368.3,  374.4,  381.2,  388.7,  366.1,  359.9,  353.2,  347.2,  362.6,  359.6,  357.3,  358.9,  361.3,  385.5,  381.4,  379.2,  377.5,  378.0,  380.3,  376.4,  378.1,  379.6,  383.3,  378.5,  376.8,  376.9,  366.3,  360.8,  359.8,  359.8,  365.7,  375.9,  363.3,  356.3,  355.8,  357.2,  364.0,  374.1,  362.0,  360.9,  361.0,  372.2,  359.1,  358.2,  359.8, 0.03, 0.02, 0.00, 0.00, 0.00, 0.00, 0.00, 0.00, 0.00, 0.00, 0.11, 0.05, 0.00, 0.00, 0.32, 0.00, 0.00, 0.00, 0.00, 0.00, 1.00, 0.00, 0.00, 0.00, 0.00, 0.00, 0.00, 0.00, 0.00, 0.00, 1.00, 0.00, 0.00, 0.00, 0.00
53,  0,  1.733,  0.98,  1,  5.8,  19.4,  370.5,  -0.067,  0.023,  -0.037,  231.2,  234.5,  240.1,  246.5,  256.2,  271.1,  288.4,  309.4,  332.1,  353.2,  372.0,  388.9,  402.2,  410.2,  414.3,  417.8,  419.7,  240.4,  251.9,  269.0,  287.1,  304.4,  345.5,  363.2,  380.4,  397.1,  408.9,  326.3,  327.2,  328.0,  328.8,  309.2,  319.2,  329.1,  339.0,  348.0,  263.5,  274.2,  288.9,  300.4,  288.4,  273.8,  352.0,  363.1,  377.5,  388.4,  379.6,  365.5,  293.0,  307.6,  320.3,  329.5,  339.1,  352.3,  365.9,  353.2,  340.6,  330.1,  320.3,  307.2,  298.9,  320.4,  329.8,  339.7,  359.9,  339.3,  329.5,  320.0,  225.0,  252.4,  278.7,  303.6,  325.4,  343.4,  357.0,  365.9,  366.8,  363.8,  354.2,  340.1,  320.9,  296.9,  271.3,  244.7,  217.8,  200.5,  185.7,  179.4,  178.9,  182.7,  180.3,  174.2,  173.0,  177.2,  189.8,  209.5,  226.8,  244.0,  261.6,  276.1,  278.7,  280.9,  277.5,  274.1,  220.5,  211.6,  211.1,  219.9,  224.5,  225.4,  217.1,  206.9,  206.3,  213.7,  219.5,  220.4,  310.7,  303.1,  298.9,  300.7,  297.9,  301.1,  306.3,  314.8,  318.1,  319.4,  319.4,  317.3,  310.5,  307.6,  308.0,  306.3,  307.0,  306.2,  307.6,  307.4,  -75.1,  -72.0,  -67.1,  -61.3,  -52.6,  -39.7,  -25.0,  -8.1,  9.1,  25.4,  41.2,  56.2,  67.7,  74.3,  77.9,  81.0,  83.1,  -62.7,  -52.7,  -38.6,  -24.4,  -11.3,  18.5,  31.9,  45.3,  58.8,  69.1,  4.6,  5.2,  5.6,  6.1,  -7.8,  -0.6,  6.5,  13.7,  20.2,  -43.6,  -35.0,  -23.6,  -14.8,  -23.9,  -35.2,  24.1,  32.6,  43.7,  52.5,  45.1,  34.3,  -20.4,  -9.1,  0.2,  6.9,  13.8,  23.6,  34.4,  24.1,  14.6,  7.2,  0.2,  -9.3,  -15.7,  0.3,  7.1,  14.2,  29.7,  13.9,  6.8,  -0.0,  -12.7,  10.5,  32.5,  53.1,  70.4,  83.8,  92.5,  96.2,  95.7,  94.9,  90.6,  81.5,  66.6,  46.9,  25.9,  3.9,  -18.5,  -31.1,  -42.0,  -45.9,  -45.3,  -41.7,  -43.4,  -48.5,  -50.2,  -47.9,  -39.1,  -22.4,  -9.5,  2.8,  15.0,  26.2,  27.9,  29.2,  26.9,  24.6,  -15.1,  -21.7,  -21.9,  -15.2,  -11.8,  -11.1,  -17.3,  -25.0,  -25.6,  -20.2,  -15.6,  -14.8,  53.2,  46.2,  42.5,  43.7,  41.6,  44.7,  49.8,  54.3,  55.6,  56.5,  56.7,  56.3,  52.7,  48.9,  49.0,  47.8,  49.8,  47.5,  48.4,  48.5,  422.6,  421.3,  419.8,  417.2,  412.5,  405.1,  395.2,  382.2,  377.3,  383.0,  396.3,  407.4,  411.9,  412.1,  413.2,  414.2,  416.8,  393.5,  387.0,  378.9,  370.9,  364.4,  363.1,  368.8,  374.8,  381.5,  388.8,  366.6,  360.3,  353.6,  347.5,  362.8,  359.8,  357.4,  358.9,  361.4,  386.0,  382.0,  379.7,  378.0,  378.5,  380.9,  376.7,  378.3,  379.7,  383.3,  378.5,  377.0,  376.7,  366.0,  360.7,  359.6,  359.6,  365.4,  375.4,  363.0,  356.1,  355.6,  357.0,  363.7,  373.9,  361.8,  360.7,  360.8,  371.7,  358.9,  358.0,  359.6, 0.03, 0.05, 0.00, 0.00, 0.00, 0.00, 0.02, 0.00, 0.00, 0.00, 0.10, 0.05, 0.00, 0.00, 0.37, 0.02, 0.00, 0.00, 0.00, 0.00, 1.00, 0.00, 0.00, 0.00, 0.00, 0.00, 0.00, 0.00, 0.00, 0.00, 1.00, 0.00, 0.00, 0.00, 0.00
54,  0,  1.767,  0.98,  1,  5.7,  19.3,  371.0,  -0.066,  0.025,  -0.037,  231.2,  234.5,  240.1,  246.5,  256.2,  270.9,  288.2,  309.3,  332.0,  353.2,  372.1,  389.1,  402.4,  410.3,  414.3,  417.8,  419.6,  240.3,  251.9,  269.1,  287.1,  304.3,  345.3,  363.1,  380.3,  396.9,  408.8,  326.2,  327.0,  327.8,  328.6,  309.2,  319.1,  328.9,  338.8,  347.8,  263.4,  274.0,  288.8,  300.2,  288.2,  273.6,  351.8,  362.9,  377.3,  388.3,  379.4,  365.3,  292.9,  307.6,  320.2,  329.3,  338.8,  352.0,  365.7,  352.8,  340.2,  329.9,  320.2,  307.2,  298.9,  320.3,  329.6,  339.3,  359.6,  338.9,  329.3,  319.9,  224.6,  252.0,  278.2,  303.1,  324.8,  342.9,  356.4,  365.3,  366.2,  363.3,  353.7,  339.6,  320.4,  296.5,  271.0,  244.5,  217.6,  200.2,  185.5,  179.3,  178.9,  182.7,  180.2,  174.0,  172.8,  177.0,  189.5,  209.4,  226.6,  243.6,  261.0,  275.8,  278.4,  280.5,  277.2,  273.8,  220.5,  211.6,  211.1,  219.9,  224.6,  225.5,  217.1,  206.8,  206.2,  213.6,  219.5,  220.4,  310.6,  302.9,  298.7,  300.5,  297.7,  301.0,  306.2,  314.6,  317.7,  318.9,  319.0,  317.0,  310.4,  307.4,  307.7,  306.1,  306.9,  305.9,  307.3,  307.1,  -75.3,  -72.2,  -67.2,  -61.4,  -52.7,  -39.8,  -25.2,  -8.2,  9.1,  25.5,  41.4,  56.4,  67.9,  74.4,  78.0,  81.0,  83.1,  -62.8,  -52.8,  -38.7,  -24.5,  -11.5,  18.4,  31.8,  45.2,  58.8,  69.1,  4.5,  5.0,  5.5,  6.0,  -7.9,  -0.7,  6.4,  13.5,  20.1,  -43.8,  -35.2,  -23.8,  -15.0,  -24.1,  -35.4,  24.0,  32.5,  43.6,  52.4,  45.1,  34.2,  -20.4,  -9.1,  0.2,  6.7,  13.5,  23.4,  34.3,  23.8,  14.4,  7.0,  0.1,  -9.3,  -15.8,  0.2,  6.9,  13.9,  29.5,  13.6,  6.6,  -0.1,  -13.1,  10.1,  32.2,  52.7,  70.1,  83.5,  92.3,  96.0,  95.4,  94.5,  90.2,  81.2,  66.2,  46.5,  25.6,  3.7,  -18.7,  -31.4,  -42.2,  -46.0,  -45.4,  -41.8,  -43.5,  -48.7,  -50.4,  -48.1,  -39.3,  -22.5,  -9.7,  2.5,  14.6,  26.0,  27.7,  29.0,  26.8,  24.4,  -15.1,  -21.8,  -22.0,  -15.2,  -11.7,  -11.1,  -17.3,  -25.2,  -25.7,  -20.2,  -15.6,  -14.8,  53.3,  46.1,  42.4,  43.6,  41.5,  44.6,  49.8,  54.2,  55.4,  56.2,  56.4,  56.1,  52.7,  48.8,  48.9,  47.7,  49.8,  47.4,  48.2,  48.3,  423.5,  422.2,  420.5,  417.9,  413.2,  405.9,  396.2,  383.1,  377.8,  383.3,  396.5,  407.6,  412.1,  412.2,  413.3,  414.4,  417.0,  393.9,  387.5,  379.3,  371.4,  364.9,  363.4,  369.2,  375.2,  382.0,  389.3,  367.1,  360.9,  354.2,  348.2,  363.5,  360.5,  358.0,  359.5,  361.9,  386.7,  382.6,  380.3,  378.6,  379.1,  381.5,  377.3,  378.9,  380.3,  383.8,  379.1,  377.5,  377.4,  366.6,  361.2,  360.2,  360.1,  365.9,  376.0,  363.4,  356.4,  356.0,  357.4,  364.3,  374.5,  362.3,  361.2,  361.2,  372.3,  359.3,  358.4,  360.1, 0.03, 0.05, 0.01, 0.00, 0.00, 0.00, 0.02, 0.00, 0.00, 0.00, 0.10, 0.04, 0.00, 0.00, 0.48, 0.02, 0.00, 0.00, 0.00, 0.00, 1.00, 0.00, 0.00, 0.00, 0.00, 0.00, 0.00, 0.00, 0.00, 0.00, 1.00, 0.00, 0.00, 0.00, 0.00
55,  0,  1.800,  0.98,  1,  5.5,  19.6,  371.1,  -0.056,  0.027,  -0.037,  231.1,  234.5,  240.2,  246.5,  256.1,  270.8,  288.0,  308.9,  331.7,  353.0,  372.1,  389.1,  402.3,  410.2,  414.3,  417.8,  419.7,  240.3,  251.9,  268.9,  286.9,  304.2,  344.9,  362.7,  379.9,  396.6,  408.6,  326.1,  326.8,  327.5,  328.3,  308.9,  318.8,  328.6,  338.5,  347.5,  263.5,  274.2,  288.9,  300.3,  288.4,  273.7,  351.5,  362.5,  377.0,  388.0,  379.1,  365.0,  292.7,  307.2,  319.8,  328.9,  338.5,  351.6,  365.2,  352.4,  339.8,  329.4,  319.6,  306.7,  298.6,  319.9,  329.2,  339.0,  359.2,  338.6,  328.8,  319.4,  224.3,  251.7,  278.0,  302.9,  324.7,  342.8,  356.4,  365.3,  366.2,  363.2,  353.6,  339.3,  320.1,  296.3,  270.9,  244.5,  217.7,  200.5,  186.0,  179.9,  179.5,  183.4,  181.0,  174.9,  173.6,  177.7,  190.1,  210.1,  227.2,  244.2,  261.6,  276.3,  279.0,  281.1,  277.8,  274.4,  220.8,  212.0,  211.6,  220.5,  225.0,  225.9,  217.7,  207.5,  206.8,  214.2,  220.1,  221.0,  311.1,  303.5,  299.3,  301.2,  298.4,  301.7,  306.9,  315.1,  318.3,  319.5,  319.5,  317.5,  310.9,  308.0,  308.4,  306.7,  307.5,  306.5,  307.8,  307.7,  -75.4,  -72.3,  -67.2,  -61.5,  -52.9,  -40.1,  -25.4,  -8.5,  8.9,  25.3,  41.4,  56.4,  67.9,  74.4,  78.0,  81.1,  83.2,  -62.8,  -52.7,  -38.7,  -24.5,  -11.5,  18.1,  31.5,  44.9,  58.5,  68.9,  4.4,  4.9,  5.3,  5.7,  -8.1,  -0.9,  6.2,  13.3,  19.9,  -43.6,  -35.0,  -23.6,  -14.9,  -24.0,  -35.3,  23.7,  32.2,  43.3,  52.1,  44.7,  33.9,  -20.6,  -9.4,  -0.2,  6.4,  13.3,  23.1,  34.0,  23.5,  14.1,  6.7,  -0.3,  -9.7,  -16.0,  -0.1,  6.6,  13.7,  29.2,  13.4,  6.3,  -0.4,  -13.3,  9.9,  32.0,  52.7,  70.2,  83.7,  92.5,  96.2,  95.6,  94.6,  90.2,  81.1,  66.1,  46.4,  25.5,  3.8,  -18.6,  -31.1,  -41.8,  -45.5,  -44.8,  -41.2,  -42.8,  -48.0,  -49.7,  -47.5,  -38.8,  -21.9,  -9.2,  3.0,  15.0,  26.4,  28.1,  29.4,  27.2,  24.9,  -14.8,  -21.4,  -21.5,  -14.7,  -11.3,  -10.7,  -16.8,  -24.6,  -25.2,  -19.8,  -15.1,  -14.3,  53.7,  46.6,  42.9,  44.1,  42.0,  45.2,  50.3,  54.6,  55.8,  56.6,  56.9,  56.5,  53.1,  49.3,  49.4,  48.2,  50.3,  47.8,  48.6,  48.7,  424.1,  422.7,  421.1,  418.6,  414.1,  407.0,  397.3,  384.0,  378.6,  384.0,  397.2,  408.2,  412.5,  412.6,  413.6,  414.7,  417.4,  393.8,  387.1,  378.7,  370.6,  364.0,  362.5,  368.3,  374.4,  381.4,  388.9,  366.5,  360.3,  353.7,  347.7,  363.4,  360.4,  357.9,  359.3,  361.6,  386.4,  382.1,  379.8,  378.2,  378.7,  381.1,  376.8,  378.3,  379.6,  383.4,  378.5,  377.0,  377.7,  366.7,  361.2,  360.1,  360.0,  365.8,  376.1,  363.4,  356.5,  356.1,  357.6,  364.6,  374.7,  362.3,  361.2,  361.2,  372.4,  359.2,  358.4,  360.2, 0.05, 0.03, 0.06, 0.00, 0.00, 0.00, 0.02, 0.00, 0.00, 0.00, 0.08, 0.10, 0.00, 0.00, 0.45, 0.01, 0.00, 0.00, 0.00, 0.00, 1.00, 0.00, 0.00, 0.00, 0.00, 0.00, 0.00, 0.00, 0.00, 0.00, 1.00, 0.00, 0.00, 0.00, 0.00
56,  0,  1.833,  0.98,  1,  5.5,  20.9,  371.9,  -0.039,  0.027,  -0.038,  231.2,  234.7,  240.3,  246.7,  256.3,  271.0,  288.2,  309.2,  331.9,  353.2,  372.1,  389.2,  402.3,  410.1,  414.2,  417.8,  419.8,  240.3,  252.0,  269.0,  286.9,  304.1,  345.0,  362.8,  380.0,  396.7,  408.7,  326.0,  326.7,  327.4,  328.2,  308.9,  318.8,  328.6,  338.5,  347.4,  263.4,  274.0,  288.8,  300.2,  288.3,  273.6,  351.6,  362.7,  377.2,  388.2,  379.3,  365.1,  293.0,  307.5,  320.0,  329.0,  338.3,  351.3,  365.0,  352.1,  339.6,  329.4,  319.9,  307.1,  298.9,  320.1,  329.2,  338.8,  359.0,  338.4,  328.9,  319.7,  224.8,  252.1,  278.3,  303.2,  325.1,  343.5,  357.3,  366.5,  367.5,  364.3,  354.3,  339.7,  320.3,  296.5,  271.2,  245.0,  218.2,  201.9,  187.6,  181.7,  181.4,  185.3,  182.8,  176.8,  175.4,  179.3,  191.5,  212.1,  229.4,  246.4,  263.9,  278.3,  281.0,  283.2,  279.9,  276.4,  222.7,  214.0,  213.6,  222.5,  227.1,  228.0,  219.6,  209.3,  208.7,  216.0,  222.0,  223.0,  312.8,  305.5,  301.4,  303.3,  300.5,  303.7,  308.5,  316.8,  319.9,  321.1,  321.1,  319.2,  312.6,  310.0,  310.3,  308.7,  309.2,  308.2,  309.6,  309.4,  -75.3,  -72.2,  -67.2,  -61.5,  -52.9,  -40.0,  -25.4,  -8.4,  9.1,  25.6,  41.6,  56.7,  68.1,  74.5,  78.1,  81.2,  83.4,  -62.7,  -52.6,  -38.6,  -24.5,  -11.6,  18.1,  31.5,  44.8,  58.4,  68.9,  4.4,  4.9,  5.3,  5.7,  -8.1,  -0.9,  6.2,  13.3,  19.9,  -43.7,  -35.1,  -23.7,  -14.9,  -24.0,  -35.4,  23.8,  32.3,  43.4,  52.3,  44.9,  34.0,  -20.4,  -9.2,  0.0,  6.5,  13.2,  23.0,  34.0,  23.4,  14.0,  6.7,  -0.1,  -9.4,  -15.9,  0.1,  6.7,  13.6,  29.1,  13.3,  6.4,  -0.2,  -12.9,  10.2,  32.3,  53.0,  70.7,  84.6,  93.8,  97.8,  97.2,  96.0,  91.3,  81.7,  66.5,  46.7,  25.9,  4.1,  -18.2,  -30.0,  -40.5,  -44.1,  -43.3,  -39.8,  -41.4,  -46.5,  -48.3,  -46.2,  -37.7,  -20.4,  -7.7,  4.5,  16.6,  27.9,  29.6,  31.0,  28.7,  26.4,  -13.4,  -19.9,  -20.1,  -13.3,  -9.8,  -9.2,  -15.3,  -23.2,  -23.8,  -18.4,  -13.6,  -12.8,  55.1,  48.2,  44.5,  45.7,  43.6,  46.7,  51.7,  55.9,  57.1,  57.9,  58.2,  57.9,  54.6,  50.8,  51.0,  49.8,  51.7,  49.1,  50.0,  50.1,  424.3,  423.2,  421.8,  419.4,  415.3,  408.8,  399.6,  386.6,  381.1,  386.3,  399.2,  409.8,  413.7,  413.4,  414.2,  415.2,  417.7,  393.4,  386.6,  378.0,  369.9,  363.3,  361.6,  367.5,  373.7,  380.7,  388.4,  366.2,  360.2,  353.8,  348.0,  364.0,  361.0,  358.5,  359.9,  362.2,  386.5,  382.0,  379.6,  378.0,  378.7,  381.1,  376.7,  378.0,  379.4,  383.3,  378.5,  376.9,  378.8,  367.7,  362.1,  361.1,  361.0,  366.8,  377.2,  364.4,  357.5,  357.2,  358.6,  365.6,  375.8,  363.3,  362.2,  362.2,  373.5,  360.1,  359.3,  361.0, 0.11, 0.00, 0.08, 0.00, 0.00, 0.00, 0.00, 0.00, 0.00, 0.00, 0.06, 0.08, 0.00, 0.00, 0.35, 0.00, 0.00, 0.00, 0.00, 0.00, 1.00, 0.00, 0.00, 0.00, 0.00, 0.00, 0.00, 0.00, 0.00, 0.00, 1.00, 0.00, 0.00, 0.00, 0.00
57,  0,  1.867,  0.98,  1,  5.5,  22.2,  372.9,  -0.024,  0.030,  -0.038,  231.4,  234.9,  240.5,  246.8,  256.5,  271.2,  288.4,  309.4,  332.2,  353.3,  372.2,  389.0,  402.2,  410.0,  414.2,  417.9,  420.0,  240.5,  252.0,  268.9,  286.9,  304.1,  344.9,  362.8,  380.1,  396.8,  408.8,  325.9,  326.6,  327.2,  328.0,  308.7,  318.6,  328.4,  338.3,  347.3,  263.5,  274.0,  288.6,  300.0,  288.1,  273.6,  351.7,  362.8,  377.2,  388.1,  379.2,  365.2,  293.1,  307.5,  319.9,  328.8,  338.2,  351.2,  364.9,  351.9,  339.4,  329.3,  319.8,  307.1,  298.9,  320.0,  329.1,  338.7,  358.9,  338.3,  328.7,  319.5,  225.8,  253.0,  279.0,  303.7,  325.6,  344.1,  358.3,  367.9,  369.0,  365.6,  355.3,  340.6,  321.2,  297.4,  272.1,  245.9,  219.1,  203.5,  189.3,  183.5,  183.4,  187.4,  185.1,  179.0,  177.6,  181.4,  193.4,  214.1,  231.5,  248.8,  266.4,  280.2,  283.0,  285.3,  281.9,  278.3,  224.0,  215.5,  215.1,  223.8,  228.5,  229.3,  221.2,  211.1,  210.5,  217.7,  223.7,  224.6,  314.1,  307.4,  303.6,  305.5,  302.7,  305.6,  310.1,  318.5,  321.7,  323.0,  322.9,  320.8,  314.1,  311.9,  312.3,  310.7,  310.8,  310.2,  311.5,  311.2,  -75.2,  -72.2,  -67.3,  -61.6,  -52.9,  -40.0,  -25.3,  -8.2,  9.3,  25.9,  41.9,  56.8,  68.2,  74.6,  78.1,  81.2,  83.4,  -62.6,  -52.6,  -38.6,  -24.5,  -11.6,  18.0,  31.4,  44.8,  58.4,  68.9,  4.3,  4.7,  5.1,  5.6,  -8.3,  -1.0,  6.1,  13.2,  19.8,  -43.7,  -35.2,  -23.8,  -15.1,  -24.2,  -35.4,  23.9,  32.3,  43.4,  52.2,  44.8,  34.1,  -20.5,  -9.2,  -0.1,  6.4,  13.2,  23.0,  34.0,  23.4,  14.0,  6.7,  -0.1,  -9.4,  -15.9,  -0.0,  6.6,  13.6,  29.1,  13.2,  6.3,  -0.3,  -12.1,  11.0,  33.0,  53.6,  71.3,  85.4,  94.8,  99.2,  98.8,  97.5,  92.5,  82.7,  67.4,  47.6,  26.6,  4.9,  -17.4,  -28.8,  -39.2,  -42.7,  -41.8,  -38.1,  -39.6,  -44.7,  -46.5,  -44.5,  -36.1,  -19.0,  -6.1,  6.2,  18.4,  29.3,  31.1,  32.5,  30.2,  27.8,  -12.4,  -18.7,  -18.9,  -12.2,  -8.7,  -8.2,  -14.2,  -21.8,  -22.3,  -17.1,  -12.3,  -11.6,  56.3,  49.7,  46.2,  47.5,  45.4,  48.3,  53.0,  57.4,  58.7,  59.5,  59.7,  59.3,  55.9,  52.4,  52.6,  51.4,  53.1,  50.7,  51.6,  51.6,  424.7,  424.1,  423.1,  420.9,  416.8,  410.1,  400.8,  387.9,  382.8,  388.2,  401.1,  411.3,  415.0,  414.3,  414.6,  415.0,  417.0,  393.7,  386.5,  377.8,  369.5,  362.8,  361.1,  366.9,  372.9,  379.9,  387.8,  365.9,  360.2,  354.0,  348.6,  364.7,  361.8,  359.4,  360.6,  362.8,  386.7,  382.3,  379.9,  378.3,  379.1,  381.6,  376.5,  377.8,  379.1,  383.0,  378.4,  376.9,  380.0,  369.0,  363.5,  362.5,  362.3,  368.1,  378.4,  365.9,  359.1,  358.8,  360.2,  367.0,  377.1,  364.7,  363.7,  363.6,  374.6,  361.5,  360.8,  362.5, 0.11, 0.00, 0.10, 0.00, 0.00, 0.00, 0.00, 0.00, 0.00, 0.00, 0.03, 0.08, 0.00, 0.00, 0.28, 0.03, 0.00, 0.00, 0.00, 0.00, 1.00, 0.00, 0.00, 0.00, 0.00, 0.00, 0.00, 0.00, 0.00, 0.00, 1.00, 0.00, 0.00, 0.00, 0.00
58,  0,  1.900,  0.98,  1,  5.6,  22.7,  373.0,  -0.022,  0.031,  -0.037,  231.7,  235.1,  240.7,  247.0,  256.7,  271.3,  288.5,  309.4,  332.0,  353.0,  371.8,  388.7,  402.0,  410.0,  414.4,  418.1,  420.2,  240.6,  252.1,  269.1,  287.0,  304.2,  344.8,  362.8,  380.1,  396.9,  409.0,  325.9,  326.6,  327.2,  328.0,  308.6,  318.5,  328.4,  338.3,  347.3,  263.5,  274.1,  288.8,  300.1,  288.2,  273.7,  351.7,  362.9,  377.3,  388.2,  379.3,  365.2,  293.1,  307.4,  319.8,  328.8,  338.1,  351.2,  364.9,  352.0,  339.4,  329.2,  319.7,  307.0,  298.9,  319.9,  329.0,  338.7,  358.9,  338.3,  328.7,  319.4,  226.3,  253.5,  279.5,  304.2,  326.1,  344.6,  358.8,  368.5,  369.7,  366.3,  356.1,  341.4,  322.0,  298.2,  272.7,  246.4,  219.4,  204.0,  189.9,  184.2,  184.2,  188.2,  185.9,  179.8,  178.3,  182.1,  194.1,  214.6,  232.1,  249.5,  267.2,  280.8,  283.6,  286.0,  282.6,  279.0,  224.3,  215.8,  215.4,  224.3,  228.9,  229.7,  221.7,  211.4,  210.8,  218.0,  224.1,  225.1,  314.8,  308.0,  304.2,  306.1,  303.3,  306.3,  310.8,  319.3,  322.6,  323.8,  323.7,  321.6,  314.7,  312.5,  313.0,  311.3,  311.5,  310.9,  312.3,  312.0,  -75.0,  -72.0,  -67.1,  -61.4,  -52.8,  -39.9,  -25.3,  -8.3,  9.2,  25.6,  41.6,  56.5,  68.1,  74.6,  78.2,  81.4,  83.6,  -62.5,  -52.5,  -38.5,  -24.4,  -11.4,  17.9,  31.4,  44.8,  58.4,  69.0,  4.3,  4.7,  5.1,  5.6,  -8.3,  -1.1,  6.0,  13.2,  19.8,  -43.7,  -35.1,  -23.7,  -15.0,  -24.1,  -35.4,  23.9,  32.4,  43.4,  52.2,  44.9,  34.1,  -20.5,  -9.3,  -0.1,  6.4,  13.2,  23.0,  34.0,  23.4,  14.0,  6.6,  -0.2,  -9.5,  -15.9,  -0.1,  6.6,  13.6,  29.1,  13.2,  6.3,  -0.4,  -11.6,  11.5,  33.4,  54.1,  71.8,  85.8,  95.3,  99.8,  99.3,  98.1,  93.1,  83.3,  68.0,  48.2,  27.2,  5.3,  -17.2,  -28.3,  -38.8,  -42.2,  -41.3,  -37.6,  -39.0,  -44.2,  -46.0,  -43.9,  -35.6,  -18.6,  -5.7,  6.7,  19.0,  29.8,  31.6,  33.0,  30.7,  28.3,  -12.1,  -18.5,  -18.7,  -11.9,  -8.4,  -7.9,  -13.8,  -21.6,  -22.1,  -16.8,  -12.0,  -11.3,  56.9,  50.2,  46.7,  47.9,  45.9,  48.8,  53.6,  58.1,  59.4,  60.2,  60.4,  59.9,  56.4,  52.9,  53.1,  51.9,  53.6,  51.3,  52.2,  52.2,  424.4,  423.8,  422.9,  420.8,  416.8,  410.3,  401.1,  388.3,  383.0,  388.2,  400.9,  411.2,  414.9,  414.3,  414.7,  415.0,  416.9,  393.7,  386.4,  377.7,  369.4,  362.8,  361.1,  366.8,  372.7,  379.6,  387.4,  365.8,  360.2,  354.0,  348.6,  364.7,  361.8,  359.3,  360.6,  362.8,  386.7,  382.2,  379.8,  378.3,  379.0,  381.6,  376.4,  377.6,  378.9,  382.8,  378.2,  376.7,  380.2,  369.2,  363.6,  362.6,  362.3,  368.1,  378.3,  366.0,  359.3,  359.0,  360.5,  367.3,  377.3,  364.9,  363.7,  363.6,  374.6,  361.7,  361.0,  362.7, 0.07, 0.00, 0.06, 0.00, 0.00, 0.00, 0.00, 0.00, 0.00, 0.00, 0.00, 0.09, 0.00, 0.00, 0.34, 0.05, 0.00, 0.00, 0.00, 0.00, 1.00, 0.00, 0.00, 0.00, 0.00, 0.00, 0.00, 0.00, 0.00, 0.00, 1.00, 0.00, 0.00, 0.00, 0.00
59,  0,  1.933,  0.98,  1,  5.6,  22.5,  372.0,  -0.026,  0.032,  -0.036,  231.8,  235.2,  240.8,  247.1,  256.6,  271.2,  288.3,  309.1,  331.8,  353.1,  372.0,  389.0,  402.3,  410.3,  414.5,  418.2,  420.4,  240.5,  251.9,  268.8,  286.8,  304.0,  345.2,  363.2,  380.6,  397.3,  409.2,  326.0,  326.6,  327.3,  328.0,  308.6,  318.5,  328.4,  338.4,  347.4,  263.4,  273.9,  288.6,  300.0,  288.1,  273.5,  351.9,  363.1,  377.5,  388.5,  379.5,  365.4,  293.0,  307.3,  319.7,  328.8,  338.3,  351.4,  365.0,  352.2,  339.6,  329.3,  319.6,  306.9,  298.9,  319.8,  329.1,  338.8,  359.0,  338.5,  328.7,  319.4,  226.5,  253.8,  279.8,  304.5,  326.3,  344.7,  358.9,  368.6,  369.8,  366.5,  356.2,  341.4,  322.0,  298.2,  272.9,  246.7,  219.9,  203.8,  189.5,  183.6,  183.5,  187.5,  185.4,  179.3,  178.0,  182.0,  194.2,  214.4,  232.0,  249.6,  267.5,  280.9,  283.8,  286.1,  282.7,  279.1,  224.0,  215.4,  215.1,  224.0,  228.5,  229.3,  221.5,  211.3,  210.7,  218.0,  224.0,  224.9,  314.7,  307.8,  304.0,  305.9,  303.1,  306.1,  310.8,  319.4,  322.7,  324.0,  323.8,  321.6,  314.6,  312.5,  312.9,  311.3,  311.5,  310.9,  312.3,  312.0,  -74.7,  -71.7,  -66.9,  -61.2,  -52.7,  -39.9,  -25.4,  -8.5,  9.0,  25.6,  41.6,  56.6,  68.2,  74.6,  78.2,  81.3,  83.5,  -62.5,  -52.6,  -38.6,  -24.5,  -11.5,  18.2,  31.6,  45.1,  58.6,  68.9,  4.4,  4.8,  5.1,  5.6,  -8.3,  -1.1,  6.0,  13.2,  19.8,  -43.7,  -35.1,  -23.8,  -15.1,  -24.1,  -35.4,  24.0,  32.4,  43.5,  52.3,  44.9,  34.1,  -20.4,  -9.3,  -0.2,  6.4,  13.2,  23.1,  33.9,  23.5,  14.0,  6.6,  -0.3,  -9.6,  -15.9,  -0.2,  6.6,  13.7,  29.1,  13.3,  6.3,  -0.5,  -11.4,  11.6,  33.6,  54.2,  71.8,  85.7,  95.0,  99.5,  99.1,  97.9,  92.9,  83.2,  67.9,  48.1,  27.2,  5.5,  -16.7,  -28.4,  -39.0,  -42.5,  -41.7,  -38.0,  -39.4,  -44.4,  -46.1,  -43.9,  -35.4,  -18.7,  -5.7,  6.8,  19.1,  29.7,  31.6,  33.0,  30.7,  28.3,  -12.3,  -18.8,  -18.9,  -12.1,  -8.7,  -8.1,  -13.9,  -21.6,  -22.1,  -16.8,  -12.1,  -11.3,  56.6,  49.9,  46.4,  47.7,  45.6,  48.5,  53.3,  57.9,  59.3,  60.1,  60.3,  59.7,  56.1,  52.7,  52.9,  51.7,  53.4,  51.2,  52.1,  52.1,  423.4,  422.9,  422.1,  420.0,  416.0,  409.2,  399.8,  386.9,  381.7,  387.1,  400.0,  410.3,  414.1,  413.4,  413.7,  414.1,  415.9,  393.0,  385.8,  377.0,  368.7,  361.9,  360.3,  365.9,  371.9,  378.7,  386.5,  365.0,  359.3,  353.1,  347.5,  363.8,  360.8,  358.3,  359.5,  361.7,  385.8,  381.3,  378.9,  377.3,  378.1,  380.7,  375.5,  376.7,  377.9,  381.8,  377.2,  375.8,  378.9,  367.9,  362.4,  361.3,  361.1,  366.9,  377.0,  364.9,  358.3,  358.0,  359.4,  366.1,  375.9,  363.7,  362.6,  362.5,  373.3,  360.6,  359.9,  361.7, 0.04, 0.00, 0.03, 0.01, 0.00, 0.00, 0.00, 0.00, 0.00, 0.00, 0.04, 0.10, 0.00, 0.00, 0.40, 0.05, 0.00, 0.00, 0.00, 0.00, 1.00, 0.00, 0.00, 0.00, 0.00, 0.00, 0.00, 0.00, 0.00, 0.00, 1.00, 0.00, 0.00, 0.00, 0.00
60,  0,  1.967,  0.98,  1,  5.6,  21.4,  370.7,  -0.043,  0.033,  -0.035,  232.0,  235.2,  240.7,  247.0,  256.5,  271.1,  288.3,  309.3,  331.9,  353.0,  371.9,  389.0,  402.4,  410.5,  414.9,  418.5,  420.7,  240.6,  252.0,  269.1,  287.1,  304.4,  345.2,  363.2,  380.6,  397.5,  409.5,  326.1,  326.8,  327.4,  328.1,  308.7,  318.6,  328.5,  338.4,  347.5,  263.5,  274.1,  289.0,  300.4,  288.4,  273.7,  352.0,  363.2,  377.8,  388.8,  379.9,  365.6,  292.8,  307.1,  319.6,  328.8,  338.4,  351.6,  365.3,  352.4,  339.7,  329.2,  319.5,  306.7,  298.7,  319.7,  329.1,  338.9,  359.2,  338.6,  328.7,  319.2,  226.0,  253.2,  279.2,  304.0,  325.9,  344.3,  358.5,  368.0,  369.1,  365.9,  355.9,  341.4,  322.1,  298.3,  272.8,  246.3,  219.2,  202.6,  187.9,  181.9,  181.7,  185.7,  183.4,  177.2,  175.9,  180.1,  192.6,  212.6,  230.1,  247.5,  265.4,  279.2,  282.0,  284.3,  280.9,  277.4,  222.6,  213.8,  213.5,  222.6,  227.2,  228.0,  220.0,  209.5,  208.9,  216.4,  222.4,  223.3,  313.2,  306.0,  302.0,  303.9,  301.1,  304.3,  309.2,  317.8,  321.1,  322.4,  322.3,  320.1,  313.1,  310.6,  311.0,  309.4,  309.9,  309.3,  310.7,  310.4,  -74.4,  -71.5,  -66.7,  -61.1,  -52.6,  -39.8,  -25.2,  -8.3,  9.0,  25.4,  41.3,  56.3,  67.9,  74.6,  78.3,  81.5,  83.7,  -62.4,  -52.5,  -38.4,  -24.3,  -11.3,  18.2,  31.6,  45.1,  58.7,  69.2,  4.5,  4.9,  5.2,  5.6,  -8.2,  -1.0,  6.1,  13.2,  19.8,  -43.6,  -35.0,  -23.5,  -14.8,  -23.9,  -35.2,  24.0,  32.6,  43.7,  52.5,  45.1,  34.3,  -20.6,  -9.4,  -0.3,  6.3,  13.3,  23.1,  34.0,  23.5,  14.1,  6.6,  -0.4,  -9.7,  -16.0,  -0.2,  6.5,  13.7,  29.2,  13.3,  6.2,  -0.6,  -11.9,  11.1,  33.0,  53.6,  71.2,  85.0,  94.3,  98.5,  98.0,  96.9,  92.2,  82.7,  67.7,  48.1,  27.1,  5.2,  -17.3,  -29.4,  -40.2,  -43.9,  -43.1,  -39.4,  -40.8,  -46.0,  -47.7,  -45.4,  -36.6,  -20.0,  -7.1,  5.3,  17.6,  28.4,  30.2,  31.6,  29.3,  27.0,  -13.4,  -20.0,  -20.1,  -13.1,  -9.7,  -9.2,  -15.0,  -22.9,  -23.5,  -18.0,  -13.3,  -12.5,  55.2,  48.4,  44.8,  46.0,  43.9,  47.0,  52.0,  56.5,  57.8,  58.7,  58.9,  58.4,  54.7,  51.1,  51.3,  50.1,  52.0,  49.8,  50.7,  50.7,  422.8,  421.9,  420.7,  418.4,  414.3,  407.5,  397.9,  384.9,  379.5,  384.8,  397.6,  408.0,  412.1,  412.0,  412.8,  413.6,  415.7,  393.1,  386.1,  377.4,  369.1,  362.5,  360.7,  366.1,  372.0,  378.9,  386.5,  365.1,  359.1,  352.6,  346.8,  362.9,  359.8,  357.3,  358.6,  360.9,  385.7,  381.3,  378.9,  377.1,  377.9,  380.5,  375.2,  376.6,  377.8,  381.5,  376.9,  375.4,  377.6,  366.5,  361.0,  359.8,  359.7,  365.3,  375.4,  363.3,  356.5,  356.2,  357.8,  364.5,  374.6,  362.2,  361.0,  361.0,  371.8,  359.1,  358.4,  360.2, 0.06, 0.03, 0.00, 0.01, 0.00, 0.00, 0.00, 0.00, 0.00, 0.00, 0.14, 0.14, 0.00, 0.00, 0.43, 0.06, 0.00, 0.00, 0.00, 0.00, 1.00, 0.00, 0.00, 0.00, 0.00, 0.00, 0.00, 0.00, 0.00, 0.00, 1.00, 0.00, 0.00, 0.00, 0.00
61,  0,  2.000,  0.98,  1,  5.5,  20.2,  369.3,  -0.057,  0.036,  -0.032,  232.2,  235.3,  240.7,  247.1,  256.7,  271.3,  288.3,  308.9,  331.4,  352.5,  371.5,  388.8,  402.3,  410.6,  415.1,  418.8,  421.0,  240.8,  252.3,  269.3,  287.2,  304.3,  345.5,  363.4,  380.7,  397.6,  409.7,  326.1,  326.7,  327.2,  327.8,  308.4,  318.3,  328.2,  338.2,  347.3,  263.5,  274.2,  289.0,  300.5,  288.4,  273.7,  352.0,  363.3,  377.9,  388.9,  379.9,  365.7,  292.6,  307.0,  319.5,  328.5,  338.1,  351.3,  365.0,  352.0,  339.3,  328.9,  319.2,  306.5,  298.5,  319.5,  328.8,  338.6,  359.0,  338.2,  328.4,  319.0,  224.9,  252.4,  278.7,  303.8,  325.7,  344.1,  357.9,  367.0,  368.1,  365.1,  355.5,  341.3,  322.1,  298.2,  272.6,  245.9,  218.8,  200.8,  186.2,  180.3,  180.0,  184.0,  181.6,  175.6,  174.4,  178.7,  191.3,  210.7,  228.2,  245.5,  263.2,  277.3,  280.1,  282.3,  279.0,  275.7,  221.1,  212.3,  212.0,  221.0,  225.5,  226.3,  218.4,  208.2,  207.6,  215.1,  221.0,  221.8,  311.7,  304.3,  300.2,  302.1,  299.3,  302.7,  307.8,  316.3,  319.5,  320.7,  320.6,  318.5,  311.5,  308.8,  309.3,  307.6,  308.5,  307.6,  308.9,  308.6,  -74.2,  -71.4,  -66.6,  -60.9,  -52.3,  -39.5,  -25.1,  -8.5,  8.6,  24.9,  40.8,  55.9,  67.6,  74.4,  78.3,  81.6,  83.8,  -62.3,  -52.3,  -38.3,  -24.2,  -11.4,  18.3,  31.7,  45.2,  58.8,  69.2,  4.5,  4.8,  5.0,  5.4,  -8.4,  -1.2,  5.8,  13.0,  19.6,  -43.5,  -34.9,  -23.5,  -14.7,  -23.9,  -35.2,  23.9,  32.6,  43.7,  52.5,  45.1,  34.2,  -20.6,  -9.5,  -0.4,  6.1,  13.0,  22.8,  33.7,  23.1,  13.7,  6.3,  -0.6,  -9.8,  -16.0,  -0.4,  6.3,  13.4,  28.8,  13.0,  6.0,  -0.7,  -12.8,  10.4,  32.5,  53.2,  70.8,  84.4,  93.4,  97.2,  96.7,  95.8,  91.4,  82.4,  67.5,  47.8,  26.8,  4.9,  -17.6,  -30.8,  -41.5,  -45.1,  -44.3,  -40.6,  -42.1,  -47.1,  -48.8,  -46.5,  -37.6,  -21.4,  -8.5,  3.9,  16.0,  27.0,  28.7,  30.1,  27.9,  25.6,  -14.5,  -21.1,  -21.2,  -14.3,  -11.0,  -10.4,  -16.1,  -23.9,  -24.4,  -19.0,  -14.3,  -13.6,  53.9,  46.9,  43.2,  44.5,  42.4,  45.6,  50.7,  55.1,  56.4,  57.2,  57.4,  56.9,  53.4,  49.6,  49.8,  48.6,  50.7,  48.3,  49.2,  49.2,  422.7,  421.4,  419.9,  417.3,  412.9,  405.8,  395.9,  382.8,  377.5,  382.8,  395.7,  406.4,  410.7,  410.8,  411.8,  412.7,  415.1,  393.0,  386.2,  377.6,  369.3,  362.5,  360.4,  365.9,  371.9,  378.7,  386.1,  364.7,  358.3,  351.5,  345.4,  361.4,  358.3,  355.7,  357.1,  359.5,  385.5,  381.1,  378.6,  376.7,  377.4,  380.0,  374.6,  376.0,  377.2,  380.8,  376.1,  374.7,  376.1,  365.0,  359.3,  358.2,  358.0,  363.7,  373.7,  361.4,  354.6,  354.4,  355.9,  362.8,  373.1,  360.6,  359.3,  359.3,  370.1,  357.4,  356.7,  358.5, 0.05, 0.03, 0.01, 0.01, 0.00, 0.00, 0.00, 0.00, 0.00, 0.00, 0.28, 0.18, 0.00, 0.00, 0.48, 0.06, 0.00, 0.00, 0.00, 0.00, 1.00, 0.00, 0.00, 0.00, 0.00, 0.00, 0.00, 0.00, 0.00, 0.00, 0.00, 0.00, 0.00, 0.00, 0.00
62,  0,  2.033,  0.98,  1,  5.6,  19.4,  368.3,  -0.060,  0.039,  -0.029,  232.3,  235.3,  240.7,  247.0,  256.5,  271.1,  288.2,  308.8,  331.4,  352.9,  372.1,  389.2,  402.6,  410.8,  415.2,  419.0,  421.3,  241.3,  252.5,  269.5,  287.5,  304.7,  345.7,  363.6,  381.0,  397.8,  409.6,  326.4,  326.9,  327.4,  327.9,  308.5,  318.3,  328.3,  338.3,  347.4,  264.1,  274.8,  289.2,  300.6,  288.7,  274.4,  352.4,  363.7,  378.0,  388.8,  379.7,  365.8,  292.8,  306.9,  319.4,  328.6,  338.3,  351.4,  364.8,  352.0,  339.5,  329.0,  319.2,  306.5,  298.7,  319.5,  328.9,  338.8,  358.7,  338.4,  328.5,  319.0,  224.1,  251.8,  278.2,  303.2,  325.2,  343.4,  357.0,  366.0,  367.1,  364.3,  354.7,  340.6,  321.5,  297.6,  272.0,  245.5,  218.7,  199.7,  184.9,  178.8,  178.6,  182.7,  180.7,  174.8,  173.6,  177.9,  190.4,  209.2,  226.8,  244.2,  262.1,  275.8,  278.6,  281.0,  277.6,  274.2,  219.2,  210.8,  210.4,  218.8,  223.1,  223.9,  216.8,  207.3,  206.9,  213.9,  219.4,  220.1,  310.6,  303.1,  299.0,  301.1,  298.3,  301.8,  307.2,  315.4,  318.6,  319.8,  319.7,  317.5,  310.5,  307.7,  308.2,  306.7,  307.8,  306.5,  307.8,  307.4,  -74.1,  -71.3,  -66.6,  -61.0,  -52.4,  -39.6,  -25.1,  -8.6,  8.6,  25.1,  41.1,  56.2,  67.8,  74.5,  78.2,  81.5,  83.8,  -61.8,  -52.1,  -38.1,  -24.0,  -11.0,  18.5,  31.9,  45.3,  58.8,  69.0,  4.7,  4.9,  5.2,  5.5,  -8.3,  -1.2,  5.9,  13.1,  19.7,  -43.0,  -34.4,  -23.3,  -14.6,  -23.6,  -34.6,  24.2,  32.8,  43.6,  52.3,  44.8,  34.3,  -20.4,  -9.5,  -0.4,  6.1,  13.0,  22.8,  33.3,  23.1,  13.8,  6.4,  -0.6,  -9.8,  -15.8,  -0.4,  6.3,  13.4,  28.6,  13.1,  6.1,  -0.7,  -13.4,  9.9,  32.1,  52.8,  70.3,  83.7,  92.1,  95.8,  95.5,  94.8,  90.6,  81.7,  66.9,  47.3,  26.3,  4.5,  -17.6,  -31.7,  -42.5,  -46.2,  -45.3,  -41.4,  -42.7,  -47.6,  -49.3,  -46.9,  -38.2,  -22.4,  -9.4,  3.0,  15.2,  25.8,  27.6,  29.1,  26.8,  24.5,  -16.0,  -22.2,  -22.3,  -15.9,  -12.7,  -12.2,  -17.3,  -24.6,  -24.9,  -19.8,  -15.4,  -14.9,  52.9,  45.9,  42.3,  43.6,  41.7,  44.8,  50.0,  54.4,  55.7,  56.5,  56.6,  56.0,  52.4,  48.7,  48.9,  47.8,  50.0,  47.4,  48.2,  48.2,  422.2,  421.2,  420.0,  417.6,  412.6,  404.6,  393.6,  380.3,  375.4,  381.4,  395.0,  405.9,  410.4,  410.4,  410.8,  411.3,  413.4,  392.9,  385.9,  377.3,  368.8,  361.6,  359.8,  365.1,  371.0,  377.6,  385.0,  363.7,  357.3,  350.5,  344.3,  360.5,  357.2,  354.5,  356.0,  358.4,  384.6,  380.3,  377.8,  376.0,  376.7,  379.3,  373.7,  375.0,  376.1,  379.5,  375.1,  373.8,  374.6,  363.7,  358.3,  357.1,  357.0,  362.4,  372.2,  360.4,  354.1,  353.7,  355.1,  361.7,  371.5,  359.6,  358.4,  358.4,  368.6,  356.8,  356.0,  357.7, 0.01, 0.03, 0.03, 0.03, 0.00, 0.00, 0.00, 0.00, 0.00, 0.00, 0.37, 0.25, 0.00, 0.00, 0.47, 0.08, 0.00, 0.00, 0.00, 0.00, 1.00, 0.00, 0.00, 0.00, 0.00, 0.00, 0.00, 0.00, 0.00, 0.00, 0.00, 0.00, 0.00, 0.00, 0.00
63,  0,  2.067,  0.98,  1,  5.7,  19.2,  368.8,  -0.060,  0.038,  -0.031,  232.2,  235.3,  240.8,  247.1,  256.6,  271.2,  288.3,  308.9,  331.6,  353.1,  372.4,  389.5,  402.9,  411.0,  415.3,  419.0,  421.3,  241.3,  252.5,  269.6,  287.6,  304.8,  345.7,  363.7,  381.1,  397.9,  409.6,  326.4,  327.0,  327.5,  328.0,  308.7,  318.5,  328.4,  338.5,  347.5,  264.2,  274.8,  289.1,  300.5,  288.6,  274.4,  352.4,  363.6,  377.8,  388.7,  379.6,  365.7,  293.0,  307.2,  319.7,  328.8,  338.5,  351.6,  365.1,  352.3,  339.8,  329.3,  319.5,  306.7,  298.9,  319.8,  329.1,  339.0,  359.0,  338.6,  328.8,  319.3,  223.4,  251.2,  277.9,  302.9,  324.9,  343.0,  356.5,  365.4,  366.5,  363.7,  354.2,  340.2,  321.0,  297.2,  271.6,  245.2,  218.5,  199.4,  184.7,  178.6,  178.4,  182.4,  180.4,  174.6,  173.3,  177.6,  190.1,  208.9,  226.4,  243.8,  261.5,  275.5,  278.2,  280.5,  277.2,  273.7,  219.0,  210.7,  210.3,  218.6,  222.9,  223.8,  216.6,  207.0,  206.6,  213.7,  219.2,  219.8,  310.3,  302.8,  298.7,  300.7,  298.0,  301.5,  306.8,  315.0,  318.2,  319.4,  319.2,  317.1,  310.2,  307.4,  307.9,  306.4,  307.4,  306.0,  307.3,  307.0,  -74.2,  -71.4,  -66.7,  -61.0,  -52.3,  -39.5,  -25.0,  -8.5,  8.7,  25.2,  41.4,  56.5,  68.1,  74.7,  78.3,  81.5,  83.8,  -61.9,  -52.1,  -38.1,  -24.0,  -11.0,  18.5,  32.0,  45.4,  58.9,  69.1,  4.7,  5.0,  5.2,  5.6,  -8.2,  -1.0,  6.0,  13.2,  19.8,  -43.0,  -34.5,  -23.4,  -14.7,  -23.7,  -34.6,  24.2,  32.7,  43.6,  52.2,  44.8,  34.3,  -20.2,  -9.4,  -0.2,  6.3,  13.2,  23.0,  33.6,  23.3,  14.0,  6.6,  -0.4,  -9.6,  -15.7,  -0.2,  6.5,  13.6,  28.8,  13.3,  6.3,  -0.5,  -14.0,  9.5,  31.9,  52.6,  70.1,  83.4,  91.8,  95.4,  95.1,  94.4,  90.3,  81.4,  66.6,  46.9,  26.0,  4.3,  -17.8,  -31.9,  -42.7,  -46.4,  -45.5,  -41.7,  -42.9,  -47.9,  -49.5,  -47.2,  -38.5,  -22.6,  -9.7,  2.6,  14.9,  25.6,  27.4,  28.8,  26.5,  24.2,  -16.2,  -22.3,  -22.5,  -16.1,  -12.9,  -12.3,  -17.5,  -24.8,  -25.1,  -20.0,  -15.7,  -15.1,  52.7,  45.8,  42.1,  43.4,  41.5,  44.6,  49.8,  54.1,  55.4,  56.2,  56.4,  55.9,  52.2,  48.5,  48.7,  47.7,  49.8,  47.2,  48.0,  48.0,  422.7,  421.7,  420.6,  418.2,  413.0,  404.9,  393.9,  380.6,  375.7,  381.6,  395.3,  406.3,  410.7,  410.6,  410.9,  411.4,  413.6,  393.2,  386.3,  377.7,  369.3,  362.1,  360.2,  365.6,  371.6,  378.3,  385.8,  364.2,  357.9,  351.1,  345.0,  361.0,  357.8,  355.1,  356.6,  359.0,  384.9,  380.7,  378.2,  376.5,  377.1,  379.7,  374.3,  375.6,  376.7,  380.1,  375.6,  374.4,  375.0,  364.2,  358.8,  357.6,  357.6,  363.0,  372.8,  361.0,  354.7,  354.3,  355.7,  362.2,  372.0,  360.1,  358.9,  359.0,  369.2,  357.3,  356.5,  358.2, 0.00, 0.00, 0.05, 0.09, 0.00, 0.00, 0.00, 0.00, 0.00, 0.00, 0.38, 0.28, 0.00, 0.00, 0.37, 0.05, 0.00, 0.00, 0.00, 0.00, 1.00, 0.00, 0.00, 0.00, 0.00, 0.00, 0.00, 0.00, 0.00, 0.00, 0.00, 0.00, 0.00, 0.00, 0.00
